11500
20507.33024078534
11500
11876.643937573259
11500
15496.357952774712
11500
11500
11897.092176780572
16746.911763443888
12318.919761629504
15745.575000895435
11500
11500
16421.477346588472
13279.76569407146
11500
11500
12253.687333602986
13246.216155386572
13465.783072844177
19060.665485100886
23193.212315874025
32113.188340568657
36456.95752534542
22286.13321482592
11500
13615.128309478008
26145.98972507488
79287.22082247607
19358.22255399825
11500
11500
13477.766429936431
19517.89495428013
35911.78888064887
35933.58200825245
29496.896302510067
25022.644151876302
11500
36462.415128396184
43548.692836377086
18077.831156726188
31404.568996123275
19558.950998999775
23345.016365793217
39141.69251613997
17019.40275964106
11500
64771.28337160203
15095.972608339105
32077.18753414728
11570.096427696948
12528.309778281051
36660.88456376885
22460.797852086624
26177.377143447335
18325.057255155116
37742.62796808343
21866.20440278974
27326.187831627656
27304.465596213915
14729.609307121666
30742.483079905196
27422.04642725911
21568.391717086284
18151.911245164705
20239.63306460694
13415.031015002189
13051.035236443184
50620.777343253256
41151.711362988775
23768.469060264833
20733.04132167498
19880.65283568497
16051.391173687975
33248.50537137362
29313.3724215732
11500
21844.97628900001
12677.06954837168
33213.57701764719
19417.68438145054
13320.434911063792
21437.761066732404
25188.98154058079
54385.95151464949
24671.85855381832
11500
19770.95070749323
19985.86692989968
20506.913934723514
105589.10569685053
11803.934626729506
88680.59384899052
11500
18535.185445658415
32092.73273946442
15293.34632347089
28359.786183797387
32368.176118549305
35676.141874703084
19765.495015787947
15227.92131054155
16211.9118444118
36358.43555272369
18827.058432081445
18654.180238090135
59139.48296574873
15853.402973618322
22623.760620938396
19125.941021518083
12600.19838257437
61832.56575547688
11500
15579.193638710922
117835.3621886448
33290.537081078415
14126.393909807137
33498.71680117984
39037.55281686399
11500
15681.21957810263
30447.56930053055
41349.16247709889
24638.123178934515
11500
19547.416270094705
72686.814412418
67754.98734569745
36721.866703533975
36512.79035888015
31742.38971881138
27094.399031107623
19869.487652439137
13632.221447469063
15917.874618383985
30903.664006863208
30271.576963436783
28985.93815212651
11831.213403713047
11500
35841.07600779369
15151.627856984196
38513.70010955079
29389.665577745673
32250.671216211485
17075.59042457039
40240.16025535527
28112.357848516895
26449.579711179802
26608.915277154567
45825.19322621677
29283.709956426443
17521.580562569136
22973.867781349418
42569.070788811354
47706.73552702803
68969.7122079226
11500
24313.654778896453
18543.530805652823
20619.595797069367
21734.137934469734
26194.8796250062
11881.372679295031
37490.76509240572
11500
13769.37589968726
50336.91600563253
14925.038111581685
32720.219004040795
37700.62325451983
20791.852439584098
25408.701634509594
29051.909828034895
12285.209369629722
23414.223211273125
18099.143809757872
26245.130305165392
18286.129970585524
33584.63686027394
21410.38062104482
29244.013483705316
44857.82376009454
78876.52593831408
17012.03472384714
23197.294041354107
21224.853396695096
123323.69514824694
11500
15401.556735562328
23598.46273775633
33927.249199099795
24955.02203512462
29736.488474549238
16103.984709790024
11500
59054.8087225465
26132.483358400266
13380.185268264562
12103.159527353979
12796.858357861865
67400.4762771006
25140.512513206253
11500
28992.085362021582
19866.726929816894
35504.6336417702
34256.40978624426
15396.970842785735
18526.93405482812
11500
11500
33050.9300931337
17285.29305394439
19814.150757891188
23544.9560839095
29010.22927601673
19985.428466802554
47266.625367776054
21039.93217346254
25662.836683788326
30149.679780564067
11912.053910099683
33149.26505348917
52339.74185849411
18672.466973175327
16648.263970980403
24113.433888073327
19674.52678280403
26175.958310913626
29519.837316600573
17247.29190321896
18793.287028105417
11500
26501.283882250347
37418.337231120095
18667.939186533054
12113.649458227517
22364.538050131072
12621.6105082402
23523.046705070556
16517.98726168983
38770.23115699208
11500
18298.001651321356
43704.21936852312
86470.93499944992
28171.335237396066
27520.534058456957
20078.590351234358
22702.440489635726
28000.022687273224
14628.86898615726
37542.16843413573
19525.990154134754
32591.5145823223
26854.584621612135
36684.12469246632
31130.35141567531
87131.9930517621
39908.22964681407
19247.113069490817
11500
14477.248140437383
38743.758551919775
14167.185101480674
52502.89365302895
35857.78134482787
26534.60793879294
11500
44932.157967844134
18364.711550452303
12838.397653735361
22423.41599302872
21206.596230212635
21573.312080129803
28084.185874741073
11500
51227.81070474869
31855.996200913756
22698.955911403675
21449.467825383505
14582.622420508831
27857.685859684218
20349.012898961744
29659.266546482522
32898.943108195635
80757.43128020361
13697.860077792038
73499.8790346239
23946.66101558892
44160.25979721293
24165.919978802125
83840.5393773595
11500
20685.749936613844
41669.04861329499
31036.464797316876
22692.515383537986
16130.451157171394
18733.241347049046
29141.712355296728
15424.629049839954
20500.59307947619
24490.169664777597
34515.885048194636
28399.21629181346
43283.05267771935
22276.34804356184
26934.85781220147
61052.57483055524
39888.585887527945
30950.379773510143
29804.79202305473
20096.86154065918
24369.441600019953
21920.04794466243
125228.98049483121
18642.53243848504
34157.740238835664
21945.010736356537
30756.41283680642
33818.34940473082
43329.12883678094
18063.476784383438
11500
45863.581550317496
13190.168693617505
49197.7760799314
12333.580899980774
68758.973029668
24101.40761673325
30117.529287650374
22602.03571240078
16088.470613644598
16054.414554687908
25172.368246082533
24992.9796650825
29306.811049594053
42150.269955182586
32247.292027450163
34833.205489521206
55079.34763156755
12310.521639032451
11500
13627.483585194885
11500
15737.90766888851
21588.13458959978
48293.69299274418
73881.48627766792
36108.24581596715
34302.21614682923
14365.275470447941
33415.8800234029
59998.58289940778
25570.860447733372
11500
11500
26822.785884187295
28676.370770561647
12873.19930312594
12357.128630380099
50382.63069342102
45205.184754300775
27800.83839551222
58886.43636932983
26624.270460755186
35507.42961209189
18414.067298945207
79352.21165976248
19799.478374514056
23031.86513712798
15177.760503527921
23886.35125458115
18298.142787790315
34758.956288811416
30099.88380246708
71988.33048191066
16482.707338184893
22778.215017351165
28945.58380909581
33498.68393456224
31952.27373996935
12670.84525875336
11708.500333501468
57518.57219796071
15791.582884509193
20556.658192211544
25643.24464633244
60272.37316609802
45868.8725292458
24793.16139749685
34087.04129176119
43067.3314282028
30837.149228645998
11500
79153.62210687467
25637.925340114845
11500
17619.34804254766
25138.577175052345
21850.550482329687
68101.37053821304
56217.55737579797
24053.737365224864
14020.599131564688
22336.847033079022
35043.95930133676
33404.00895269163
36870.09511578644
22094.169063037505
12086.196721310956
21956.70097997618
11500
14191.640410462242
20116.906216739513
14716.108375751983
28691.26990841408
37587.63508264211
29088.97250927365
20172.542023624777
13714.705409469881
38650.3265395676
15711.488775123793
24071.69968154879
26388.984405794447
103765.08027226842
49509.81698431879
49876.27319367536
86092.63973891342
21867.247720584583
31112.588834566184
28461.393247681368
43867.65979836395
16527.176043832696
27909.655735009437
17712.067586695863
20293.129104048123
39907.096602038626
29224.288458186544
33515.74069115573
12647.101553456909
11500
30147.045831676867
23158.50608446571
72018.94758720629
21146.397296456667
15956.241400789635
22576.910497588804
20653.1802395284
28026.147208708513
73235.36496786226
26226.5899321056
75283.23684450796
26071.333674668902
49415.414876161776
14242.67062869606
16013.06243829196
21237.185764685026
19741.588861860957
14636.57554639974
62644.59470982206
20028.67579357619
11500
29807.486030604396
38395.08374774312
14512.088455326026
11500
36395.12081555162
42036.72138178718
49263.53365341188
21144.040561867627
21592.127367615274
15047.837803732724
56199.379717095086
37691.786627319176
78042.30124011579
13406.764258891257
11500
19693.27968939341
26909.373406288287
39219.233066027264
34545.02630152511
14373.538051021611
21257.603125205304
22864.347171992024
61858.18763304183
14553.52436020399
20063.861993064602
15148.938023378672
35946.34655637447
117969.0974778232
18654.36681914498
24187.592540350728
35723.631263067495
24921.445696798495
22084.762543946825
18913.41623046763
36434.03614016539
18406.689917637803
30368.353096138748
26671.535784546384
49753.03809689267
21040.56811315532
21199.561794792786
33003.132540753606
13044.90135891404
16743.537420689812
118687.22407378515
30104.139353587772
45733.84745161257
62410.850217080675
47181.35863186473
35603.62244177581
16481.478584965447
21173.87703507784
18168.076602962763
25560.28209122914
17982.55381548229
17229.835990228035
23336.471090840645
55868.97186979207
54196.83687423906
20980.32309990807
36640.864374873694
11500
11500
25657.65685330246
25601.338078796332
42259.668393623826
16018.880572679393
20466.797494998435
18670.11583935183
29981.33448298096
18209.28199368695
16827.402229700587
58969.65102435762
14866.569974541264
11500
31598.99026611049
13940.774060071968
35079.725070855144
17677.215768124064
12019.47919384296
27677.48096826063
78177.79864665329
40458.77554242932
17048.653971187006
35689.986673000436
30310.728316774872
35656.274694092586
18562.540266784163
14661.928092758608
25352.84458584039
59314.184739157936
23481.54738606806
11500
31467.546027025885
22083.483109988003
20142.447788804482
66247.80977489558
13190.473307823224
14475.901020420179
19999.757947752256
13261.598893752904
11978.624960865385
20621.984299562086
36498.417287800476
17965.773033431647
11500
12711.479426355017
17052.34738975809
35806.16435902985
47828.978127986884
33330.28145693247
47712.998856384685
35771.04834524839
12067.74340095378
34707.003894077556
11500
15582.426859037192
50161.793450193654
24176.260403470616
23378.76018452984
14451.70576142125
24582.709122282704
29844.601747296118
91799.26855278082
60105.873985694445
14511.141363037043
25872.94594676531
89957.0829052274
15385.455543270273
14139.600899521081
12967.182794631804
24559.122944545634
11500
35573.284213683444
24971.522871656645
14824.470646183263
17419.88495356161
38789.681400489
29529.263177016957
24194.985860103687
20422.14789427469
37155.56586705489
18569.44382986002
11500
13465.387651972604
37529.422567120055
15978.027665170144
48052.6444152638
89066.4147070336
19278.750243935243
14730.504185446089
37113.53224548328
44548.16374922157
18246.35453314885
25897.892988400174
22250.241765071878
29779.004765229867
24634.572158899133
51101.97317770827
43345.487751180255
26709.284796937485
36508.594505696
22749.971617145333
11500
39499.08191862957
26049.482816832333
11500
28088.118078708416
35237.6166371743
24014.657509661738
16129.810524859042
18064.087469245158
29556.67352528448
27010.413668367764
15718.278717992675
34405.071289642954
18333.94796495934
11500
15342.023391806444
22629.547819565047
45679.1332069451
32489.46327038942
29026.72983555076
68457.0384133137
70192.6095119127
58891.86157661996
16531.807578683
12838.810625111979
46135.88683548086
33718.77574840222
20091.889768013665
13925.800235717354
43134.82161111376
18277.192673708232
51446.04468750119
12153.621487437451
13582.198833395469
33050.55753497061
18675.309420502268
26552.471058443894
11500
11500
43321.03553049561
20254.409188870755
39994.04384422872
13745.859026116526
26147.266565682003
38130.220342994755
25654.73312493072
18345.399440612655
11500
32250.8533312567
14130.349166720653
11500
23820.039402026927
15273.086862808068
40913.38498531499
20850.2704956408
17117.32881173791
30532.782479697915
11500
11500
15744.109183813223
74702.39902980448
11500
144693.75999248537
18077.07245558504
38945.338247559164
19341.235633388245
26815.808361363754
12202.317387402314
33261.893941768576
31929.511935594797
57844.218203669625
16582.65521450018
37958.54321389306
11500
15517.74035341997
14014.684403529121
159049.18076584788
38621.36517232644
33394.69321346485
19928.86180535576
33558.67824576297
39331.102430506864
18555.47241309825
11500
38981.943044698404
15978.906660920638
46669.92177578972
39451.62869229783
24416.895670860864
25720.487668254507
39622.86834046348
40964.29128439634
29991.78127791616
26993.1313615927
28075.175944697374
31645.668639317628
22931.290487707505
25435.046902272843
54894.44377312516
18237.63642310544
19101.084394360027
19442.605775070206
11500
41114.98976114275
11500
11500
18200.391490937887
28378.641321576863
13417.68820281641
11500
20650.85227175464
25049.977908038283
18262.726881290255
18551.09033510971
14361.450389249714
54290.36137705055
33319.83788263551
15058.43948459692
15267.47067411152
19219.698744765188
25814.497637121967
74993.26322873312
13816.312574983367
15918.944300324347
20882.3557973582
53793.00313669203
16723.929724797967
33828.34930785079
31911.18747412381
13734.549580006164
12587.135578993846
11500
15160.50332526295
12444.931361286723
46814.56848345549
22781.037972368198
28168.5362304729
30563.96939138466
17959.16351338101
19255.33435855368
11934.535632837546
14682.952973254884
24324.1930123542
28129.097025456904
37954.277658446794
23789.337941612543
18085.682400730286
47002.785088527715
87598.66458798289
51405.34500488245
25999.62663743587
14922.003455392898
73332.37340130181
77871.59549638671
25630.456844141954
17470.08551676888
93187.77866818097
35537.027996625664
17621.716203015578
29427.703989858448
84954.99607505734
11500
21194.3715799351
12356.623397463265
60383.125759205344
31179.47196032587
38224.53034581263
40383.366295930835
27459.47545654122
20097.888059808873
21073.892268851316
13422.967461003864
22523.41864458861
42371.066485009615
26542.406258320094
14264.820205820039
26626.69712533013
17774.883168233486
27442.065175167812
107593.69586980362
32342.805624868415
37348.617620157915
52528.89637477547
32105.81735801329
40317.59587267036
52384.129386639834
31259.791960355054
30792.440998129747
25064.578064876398
55570.58011914202
12879.887157601626
25296.0272915421
31847.003026609644
35020.33528863929
38548.43871705528
33322.14355147282
38256.06153448317
18430.942384454876
15343.81064858909
13486.562963392498
21344.22682099975
35369.39609948377
23673.768005936745
41476.89802033605
25721.332087886753
15295.638775445628
46372.60798785953
12736.342439253725
28898.898308852265
49454.79991867938
27005.41942003313
64196.97901708671
11500
34688.72820340725
39694.623520517685
101558.23134783977
24791.70956208362
18528.897940526203
19060.653565254695
30247.77168272772
13087.45470595308
25241.418612076322
66529.41925632353
41059.84698936858
20534.808055556245
26291.468114561452
72409.61375318497
21716.89015309353
22355.380590682133
39867.79812300063
13045.47093355673
19746.669187943677
31129.096268230864
16616.292690054663
35459.89669528281
32373.787031408432
22950.39416144507
34172.020236762684
21576.839282394092
11500
33004.40458240206
33437.368398139144
58489.66908133524
56860.582364700436
36283.38237992138
21884.07599529035
24730.469425198953
29673.223963523767
25252.115554777793
20330.9370351893
30839.384891321017
68039.3399297626
32801.62678601924
16802.056886554175
27565.996650029785
22479.608913084892
74175.223962355
29408.835784190698
21775.609292908794
34229.13455051814
28480.116376030885
129449.4814598908
27449.672474908337
33307.381078775965
16632.577321123605
38097.34425870395
18088.38919711512
40623.066331627415
30406.57970351241
56300.860046407644
19331.517236383203
79051.52207341646
28723.94120573916
17277.14633276899
14188.872995573742
29125.64981311467
40960.645395611755
40704.108654190495
26935.146864396225
94526.40170993096
12041.54841915727
45450.91764629395
16360.519938964799
38344.936441360376
16192.061881219275
58631.212684076665
40948.56196367336
23706.27792290553
16788.563978842314
39800.23754661936
45196.77384276029
57328.53175810538
12618.114414554855
24059.095397744906
27857.762123399727
19552.832843579377
17512.13694295399
15401.140035841125
24236.593186497597
23868.50558285337
42630.433307941
14980.29595777788
17473.93651613058
17640.409620796563
83271.84509011
83806.7833493953
40747.14717543545
45116.422061170684
14498.576483931338
35674.780098792944
51323.87291220751
22780.141148332936
15435.097939620979
22330.50971860099
18181.56508292248
13495.861794405959
62011.60062889278
32307.855726114445
17391.85900748798
26552.863896158626
20514.488040459248
193127.90806381553
30368.108396837866
43128.54369782135
15104.501128872202
27303.518376068936
25028.542240574763
26316.519435310238
15550.713618910837
48206.43257034592
17169.541666367862
35103.28393041719
28326.49064969211
22855.724527906663
21866.77849515623
11500
20199.77509438389
27896.785708171596
11837.37761177424
43389.66116404151
25511.609767967664
19621.124695004888
66072.2128721357
20598.36440780641
27948.319871512223
33325.43538282387
25175.522662932766
30319.173027943456
56391.40770080871
12921.718147769965
33823.77935908903
55288.71470599907
17886.321348591173
32398.072682297414
17211.176335854732
45441.89272048978
58210.239346342365
38794.78889741947
28503.644467776172
21551.853385841514
13203.280017296458
21494.655799996388
108050.86494214322
26521.226509270433
11500
15328.35449318969
18632.495644537517
34916.98367337684
24784.82793831892
33159.148757746625
13673.06770665921
33731.38458109465
14198.358632795025
30936.912691169793
39657.63342093912
49500.05517022619
18384.771464996513
29557.689732587427
39034.77692836027
97712.77129854867
35522.01375962046
59030.32066698884
16434.143632902316
14613.957685389907
13585.40531135312
33526.267539173954
56210.61442112211
26694.84086630736
12237.344226172325
29512.07748962878
32372.826084530658
27931.787184941677
79627.21332676658
54969.496113585636
19699.93776946869
23474.482565448772
29544.022672780517
17600.780123011893
66991.03075964714
27440.0300689151
26031.243214934864
37947.00719171714
17912.45745619832
127381.63227984862
16547.331535675024
35617.110169324595
17086.258165754374
27389.42311048775
30099.87585370349
22684.105007514376
30175.79674426874
15765.030160988981
42472.983637592704
32851.89979813708
139755.0079916539
60529.59298019009
17594.26829839549
14196.384923591302
18371.726056917654
32973.833686003214
54641.09269572424
31805.514672000016
11500
28806.61670388269
31030.237041269607
48417.52221335322
25845.665292089936
16679.47569926042
52501.487504305915
11500
17854.1758645567
29418.08357881502
19016.26618115793
22710.427064417603
51439.6337746826
30940.34342389835
12346.051494925867
17404.295649664957
47455.38312993564
52420.1352760409
74487.60572226364
37515.27550699767
15762.10259063901
66617.60319163701
11935.070767605497
55980.37223978143
28851.859338009286
41185.54539122566
11642.493327039194
51500.27726547505
22337.26343160698
43521.76083170354
120742.76486240537
45382.86945890086
14869.427925448132
13737.48364261025
16414.39200195453
56009.3583177275
24197.208681337484
24047.6389429223
39861.02419392905
32504.353254366786
28738.61713267627
33341.12074857717
63625.9228471091
16487.726303313488
13193.28357135343
34064.36439533072
40854.3291280925
36473.269802736046
17663.55983743453
32931.639282699434
16994.267457678663
48018.01362164435
33341.84947059458
27141.832777134838
119481.16620237537
21660.75976850763
91414.6290721114
18823.30595646149
57949.02082829372
21988.544206781375
18851.831645122686
22378.945496252425
24820.086108186028
13138.790436585048
30136.572004940088
19842.87793183862
43574.79658792184
20272.9650998615
32461.621303233842
15555.049341530634
54796.25442462483
24901.67511833603
16468.090602121498
38941.57872048295
29742.317132981498
118747.20310109992
54370.47370419201
17563.705388785715
39540.72423759341
24324.029530097097
37555.224912162
19052.203389963848
49686.942745554836
14913.969568123941
41780.900473491834
12227.347647209022
26215.978009837894
58863.23302306812
17606.02270873764
47871.160398916465
36714.469749192234
104507.73844668925
42687.75064488841
30508.60257624431
45313.34943184299
79541.9046259883
24377.57806203077
34925.5066231821
47089.34035935068
36578.18396990947
19199.37737246563
24261.90103917376
18480.40055956394
38251.85189239922
21063.59543237414
21099.449411124257
19319.69075727873
11500
23797.272131463422
41463.58220696863
11500
77877.88101033037
17150.571081255595
32193.868945071692
18276.886110848023
44641.64779616293
17332.757225624668
42124.06679234123
21382.88343365906
72446.41991592188
14170.27240192443
51990.86141384069
23381.40656738603
158296.47651015662
29727.2633760634
45085.22970599448
14547.97359063419
28889.171718619964
16387.454670503987
33862.18395650485
27284.77888726634
29179.15863877732
35683.27170615099
54742.564987847705
41828.94428252542
33681.41585388265
66070.9150454526
40332.29235825447
29735.240095123198
67540.31530997239
30950.21765726347
18920.487864384177
46154.62454038327
25899.769639701157
103583.91583059069
30179.69782229772
24240.132972591236
103071.90205068802
17905.101898195007
25323.110932001862
15536.573257641474
29120.693386120416
58794.44671578847
17765.24896273446
30416.11099325627
21773.938987112055
23529.989966568017
44053.907115344766
29752.62896516084
31751.71320108236
33703.63747823961
79145.5801720865
17749.98404252152
11865.005959548746
33636.11229514088
22925.247480483744
26145.439678151462
58207.659184031814
60022.51677239167
36974.702973431595
29398.396730668686
19862.86237215841
26497.9747121155
23608.00684871321
31793.231001609318
30011.44456314996
18149.323177516304
76191.97985687446
33630.68762425176
15881.70934166337
80942.9695180271
22397.299347027827
56577.250386563355
18938.990985962224
55538.55234404259
16198.539627848422
86865.96236836934
28571.76040397688
31388.06334354755
42555.129702263504
15084.64918173311
11500
22683.792326673312
28512.515262505807
74179.31085178367
33063.48250274401
16209.6638745873
33453.28325337676
14936.509670506619
49496.176884392204
58267.793388005106
28311.350648018473
19936.699456115006
22667.979147958387
53353.60843044354
68696.0234959612
23043.25949384623
51797.25141444303
38566.64097266788
50762.601491005844
22620.99286642494
25488.790385813536
18951.83424378088
21144.128041228916
29085.752582640725
13109.301684564214
13352.467841791919
31216.95219915872
20917.19904053191
61220.413146075894
37716.893598188
24796.803227564866
35616.08842292798
28073.78154111404
30318.27256985532
49522.63897825011
33389.20613002218
50381.025220007694
17174.150199398442
29634.855626484332
64323.07173347229
11500
38207.53121888824
36538.609710354154
25365.64516363514
24238.939743185936
23337.25337264763
22725.761247780956
41536.52683299347
24226.31946714485
42423.25122668989
32399.054195836263
38822.17642932761
22379.150139987883
14702.197504535943
22507.007093709966
81865.18934636061
43031.14033728201
23952.858818302466
37328.04764436267
59878.486887575986
43492.981410209875
15942.803668228731
126415.23460690385
14529.585684865066
20974.57645874837
37195.858709097425
48730.18919740451
24068.417551935367
15636.358851307208
18715.2048002107
21711.906969191696
36592.198286075494
16765.97006706261
18042.288116337997
23550.850686827034
39858.44370930589
31276.081631827394
26627.33240464747
66579.04354717946
18127.9470725343
26378.73872843444
46541.92642331686
40370.15348070714
14689.472247486805
33183.64322693135
39330.089220717666
40720.09642577827
39377.025879358145
20743.421664025984
18143.082271371368
23714.438052842605
16301.29093847055
15427.329293513196
48197.94662770992
72648.84921637713
27405.15663713287
52521.0615887117
27717.58070035978
38850.60816220836
14083.64858323428
43683.44045447218
23049.261735213804
16374.111923469005
22327.134170578855
24434.45665704938
25951.331743603445
49477.24167164955
69027.23031925099
37008.858664659194
24615.676844526883
42870.099294210566
16960.21812883694
36725.563219395735
17202.997020470695
25403.240131541097
42236.261569007496
38289.139992346914
44300.846172721474
22428.274921407236
16993.2037863235
45352.50390258607
34541.90240182988
37195.679124532704
33764.79433002065
20685.437693945772
18820.839652585495
35965.284614039134
47699.3010169192
22113.575242361498
49770.44454982622
19187.01789273398
27540.261174659514
29045.196907672685
30853.367535550206
21652.650779386287
41892.4575441373
41601.495174520074
20257.0879423101
33144.09068332484
30519.807865613548
28696.098654583257
20817.639894239706
26076.139003636225
24865.92312903327
49201.61794073766
83974.29277699505
56900.50210640166
60725.507527604925
73480.48798971898
66722.34819618124
25136.50264999528
51540.5058595397
29951.976974013563
52196.0650014481
21235.70624868981
28885.43233031549
19208.00449678505
18520.297959560106
28542.923730593022
18459.11796337543
34030.97979976052
27929.3988374044
28340.827911407523
15441.928381490115
46129.81806936756
15347.13412488191
33512.152772013
26184.684146205444
21875.90668005907
32499.25968515568
26847.39545169037
16051.092597997598
36825.64897293726
89073.15733430168
55978.18610306535
53572.75940671847
42132.75945046203
66565.28306337234
36781.706657614784
53827.12958858472
36475.89991858461
22542.899004363037
75415.45279395032
32349.725185587155
24385.711098072094
27890.16441290117
29962.225951887456
42666.46212645397
48641.429748282826
19464.528504764257
68805.74306339816
23823.07392309373
21199.576850012923
37140.408858388044
80238.0041284387
18797.951277716333
24904.456257518767
19185.671099111023
17400.93212530929
60756.444119194355
16016.238881182482
18009.836425288035
19479.851028139994
23782.13082743598
51714.04649994796
24577.136352551206
15772.81418147959
56600.68433154494
33421.34843845958
32720.287294557107
15020.238549881158
33289.225347967775
23453.54826156015
17297.45105267018
31677.636166334494
46655.72568092484
34451.34015058153
22205.732918945298
18194.293287790926
42952.56263644547
39898.04911124043
103206.69292624682
28708.898077606213
36126.49242321019
51460.55324913041
88422.49765894482
67397.18914241796
39281.75842659192
12989.602097238496
17136.204156085034
36431.2511887329
38664.744235924125
33973.935336765404
22728.63219139937
42090.826193106855
30326.4507906956
38943.939563947584
29890.59242825617
36632.54920473865
44942.26379615183
11500
39789.28140003695
19528.530593234053
51059.91130919807
26947.319902053317
33763.32553287111
55615.76942547489
32657.7144902956
40459.68340697402
65211.74146527772
12850.602140815901
32811.98560255662
26194.469384458273
19565.198763521465
24209.976401389198
29947.815112429922
54940.35940501342
38724.43330222665
85980.8490522556
50847.482076762884
36887.49769475764
19319.06110452161
35253.418452591366
42449.84863391778
17859.05038344575
30964.28205104694
13192.041272674744
13905.57257188844
20087.50749859972
32150.419876733118
31014.530315388398
17151.349246420312
38108.44513951972
22541.197322774442
21829.403032543774
33546.467003185164
23215.7991760826
50592.60775361472
29312.126277757136
37772.10001226996
40624.84522517671
81566.14916959628
17178.901258592454
15302.211756092436
49060.55329824462
30796.613962775322
23892.79079194456
24984.47112247175
36429.250510742604
34726.0709977337
35173.52613008204
20519.018423468744
32881.097114036114
61536.03608109233
27689.054477458976
29831.543133994623
62327.636705390134
31095.280945958097
16894.659580027863
34946.58535652192
75124.64351924096
33563.81768069559
41292.512607873476
45754.46219337792
17900.940574862983
23420.747569617848
55208.61775091749
45366.26639040477
53169.58913967245
28519.818395541264
88366.34589337058
112072.49753381479
37474.517911430965
51267.411181502976
25111.272255743483
35421.303580305255
25753.05058416819
51317.730211911694
39444.57762894361
25300.06018022407
26516.307014263577
18045.567772881666
42556.83082612814
25128.37134592186
51730.07941812194
33815.232676205465
30876.892123273803
80093.91565737202
14900.401866548766
18152.2955666725
24399.645934284352
37343.32044700869
32531.709025203258
41032.70204722712
21536.240713916563
42566.86274823488
30663.213204609583
28323.43749525882
40455.477191849815
34826.80245981336
36367.67905792828
44469.74726977487
57631.72719430316
14754.688027911277
43277.92744126966
51192.76647391649
35479.52516742613
40606.88809275059
39821.27991997037
32786.56599868305
33534.92980004669
25242.479901212897
62686.63499272573
21269.54966262233
45203.90182908503
21440.53684140197
23700.07326183256
20214.216066848207
55410.136243320005
43453.6264873669
54903.302964359435
44902.46893938353
49167.03823960058
53641.57504264077
23388.49604195783
59098.97304994678
36998.18860246603
67610.89850864351
17269.775393873675
41752.900656876
21409.35184921162
23094.959233646598
100719.39186405069
30410.413751447
25201.993707990056
32263.200513958112
40015.335372714806
26774.663484838202
60464.66677822991
15602.953212671593
28128.209828874165
20676.85126013053
24409.14841076956
21896.04448059796
31473.18713044733
19583.672810043256
51092.86660448731
61314.621135348134
36039.139515752635
25682.329208247273
52859.34271662172
24274.540089173483
32352.17932613303
22003.484632652762
14551.841954618962
65187.01176526025
58129.037819499514
44582.31124030912
20456.983857013787
22393.754988299937
48112.74560370275
44252.59873294945
40230.76816899422
29109.58248868301
34860.2540462587
25341.299454751734
47721.02953905003
35898.322993370784
34612.293418908936
19619.602488275086
90929.89399092052
36267.01811802415
34983.01332942254
43742.93252031034
30464.91104801868
46881.77756881312
55723.68893897582
26747.77200383116
38232.25631068564
23855.76683733795
48246.47673497766
28833.110801947798
32526.903645405237
21694.839345239234
47470.18907603245
33168.070003692694
28548.690988568374
39481.020575066315
24906.451560535348
45568.023791699874
16803.816575170546
16488.959214943745
17575.924501900077
40192.07171349379
35713.07220451468
28211.302745426117
22334.160013904595
20689.763115794492
20221.152714613767
38606.41799377544
17846.71768383276
33133.57281145224
53519.258320517074
22249.200529884587
47525.22864597407
31028.173680445365
47204.461970365206
47247.91652649706
35194.67915985042
34414.851339816494
45163.83021204322
48211.87507274231
22465.191532314173
53173.78936658844
36966.41197417302
23370.08211467545
39322.943700089345
25693.466084045598
35597.77239089061
21068.275135091902
46067.25890988844
16307.238699810172
24092.111259945003
23994.654995295947
44510.76013317416
64579.15305477367
51487.397881838624
42538.313498792646
36172.11224942298
22238.068667976364
32041.985683455197
27692.63806945321
25837.28278900242
35153.416428434146
56254.91026079612
61014.257389376595
18076.67498791998
88616.67867353212
18868.035875529436
35207.30052625006
18997.19216640118
42741.14263773252
22590.625814424213
50561.21513546757
38660.94118812492
30336.411830949568
25074.74328705884
51154.15284360397
24836.526803747252
78813.12645931376
26168.538302506237
15689.01594786412
17123.899970413077
42310.05863982573
67360.38018446538
47567.47514134247
66740.2333649739
91034.15797080012
20162.513914404033
64002.761764761504
25531.67397627016
52634.37629433961
40515.63395927772
17042.205665361413
35478.80688152828
15468.16738198166
63747.63798613895
122836.228624543
26518.04063882348
39894.9249673914
40685.94800223661
51094.077224699344
32639.47074412553
16031.690107821953
29258.743817918177
37788.21295585291
73669.72176571976
23395.824912279008
47432.1890025602
35252.49268492703
33071.63795469306
23931.05438361313
26079.072464112993
101071.87211466322
36282.859602289915
27590.90461880618
69816.94304973564
34081.1800629681
26677.464746586887
42048.59420155267
34914.22747474123
23760.006698955327
28834.575274159804
29326.034929572063
36194.07096856236
19741.707784077294
38006.683283513164
23853.429925374505
27113.552728550767
26608.05835346977
40751.43284046432
22484.22463034648
26850.465872690038
23783.353268751966
27355.494192026385
71070.52779026129
40163.59354173935
21102.00989497069
19791.999022406388
21217.759624777726
37399.920501457884
19682.266098913893
55266.4452668191
46843.00004482689
29127.782849141917
32977.24875121214
26069.013647265674
27201.70540540281
29481.636848032937
15564.615489730691
40492.75376208857
45333.14861001075
31512.349550917523
28120.48628045004
49693.32230638862
42175.74440647489
27353.993788233165
42187.960291956486
25341.396962229097
27885.94121926797
23317.238340273427
24661.792696313467
34069.214673621726
22764.26744097616
25665.070333816784
21395.012302458836
64203.88227523835
40313.87899983584
32806.02698423122
16581.559621457152
15227.40605592255
57509.851103965026
22760.552034204113
38288.87016704827
23984.442717354083
21230.047629394863
42655.016813885966
63633.758539419294
44299.593511471605
58102.7038157493
23041.46856963357
36099.76999741171
23823.91780317507
31126.723826759666
33398.5325693793
21648.74165368257
39978.15039138877
45500.57429567346
80538.56002684691
45974.70412317793
37034.12640166701
31590.959477963006
34108.50350340713
28909.285000698324
40792.8642666751
31110.255976303568
45622.73755163754
45487.42898779618
22529.74260517666
46512.724616640946
21423.690068357377
37044.34476117031
43953.27581429847
33815.15118148781
25727.623283629546
40326.47020513288
45641.95038413598
70890.62357085785
49743.713017461276
53555.062882631326
25219.95951634016
32430.75212057537
41533.60566649714
39243.78650055418
34812.42049568729
46754.39510841286
41693.48754213955
22087.18641555167
32058.111026440478
26780.763778396984
42825.03260306193
36578.765695293376
35947.54892829075
40971.75610804046
42906.576343725756
26836.375368137466
28741.849500154283
35702.65777549477
49588.32330721348
50669.5614094796
31444.022043705238
55387.085588228976
33830.865830623145
30257.005816716086
22782.03781022651
37407.80975366592
22688.17872625176
27717.085426750516
67946.52927417884
22693.307357601858
42077.32906993887
18811.5333396294
38626.53288943406
20400.1822581461
21539.72285029763
42463.04692165344
28800.255504492674
52325.4314393596
33814.789001953664
20689.38485461566
30482.66608260849
17848.603508616772
24013.166576177035
26387.55315658354
150120.61005939724
42374.00624899264
30741.01486270782
42302.125829521785
27919.596805575064
30086.121647045846
36658.893760617764
70031.69843223316
34472.598343062964
83689.8310200729
11970.760243420935
31279.406101143682
21256.747135699523
82206.30423446532
42027.06612626703
39834.68839031252
44445.64383592155
26937.83657933725
27813.12842849946
35374.75545744733
40349.37968643172
22087.898725294497
23828.6477763237
30389.08834589589
28601.485077925918
39356.70692500114
37570.01542694658
27542.253868586642
63014.48720141047
44355.288142162055
17652.76515884023
21801.103900522485
33704.17888641459
28494.583796905226
29454.715263709502
30788.66654574715
53056.21738261097
77609.49533548595
25743.478162511736
32577.640689744912
35848.08402331532
30699.58886672852
24482.834114630678
44695.35304397962
40375.210758711575
34273.02101856924
26827.605469939386
27734.731483417418
40644.78601952341
23783.110936757796
27244.981146825765
51451.84958667999
27403.714615919045
27233.357923094587
27051.99899759827
31100.480275183385
43716.59739513148
30255.375268979915
41529.3916540332
66150.68622871408
44628.61232710409
19885.756613298865
30076.817898200294
34989.13465146719
27847.235510773033
32711.254355646364
70610.76561895791
31943.8794420943
36745.59431451817
49882.927580503754
24171.539945315748
24638.194592251202
36610.86097254509
42078.65755442269
23660.320178721122
71776.9882712082
31949.44425214106
31962.09951525015
62477.46073497468
39435.3538824825
41068.96946519553
24941.468508926115
29729.785493671105
68689.25011508548
36442.67454724909
49298.62818646982
31896.924542481884
28930.777789795713
24327.51722049193
42450.03544601055
48889.09253616555
36382.9323411327
30017.98390460404
32915.366290619764
19223.812539920174
37776.598332464055
27193.695806460822
45920.37082693037
29998.871463201318
36599.04531524408
25524.83474435825
30747.39686406591
35238.86627161083
32200.967669380356
26690.937439803816
32815.52768864016
40853.7148731654
48598.31575897299
41368.72051810963
49947.40505115213
27833.81606795503
37936.26874829337
38653.90364479979
53127.4977546173
19993.91556384597
16748.302399928885
31340.71609412538
34290.64240795358
39692.57391411828
18084.707770119174
56426.68917261969
39935.420712405234
94713.3331233349
34177.296075663115
30158.57598013778
27730.501528390603
30151.94605633306
40066.8091713869
26727.658685807473
49435.63711484899
25607.030380259825
41330.87276092734
25152.030450752416
33511.121795618776
45357.857040870535
38295.982556164
49041.19621487912
46930.61567099691
30947.85362717625
41081.380646257465
46107.634559148224
30541.69839712936
26226.45025321423
30677.825022012967
26523.162123139173
84139.46884166895
44255.835067635395
34711.99510486703
39087.714925084045
45695.643915812354
26027.226538703435
25579.969223375017
27819.367389360526
33631.545122762196
44956.515842275425
17791.394279536536
32473.142256909436
42132.30970610656
57693.86949507001
37096.90982798978
45109.399931467204
34632.00090536849
32149.4578270834
40356.21617465627
29956.870430216473
17519.148560734233
40062.44406071214
29843.366621548394
41854.350152403764
41619.02084504943
26302.233361487197
43127.06170624501
54998.08231834812
15771.783687671188
41470.77910930161
30676.157553032048
46117.9300369985
41882.754340022206
55679.76093324823
56646.2885128753
28542.64221556421
52524.869808377065
29454.058944263354
28377.862899101783
35517.031123230445
35240.69879711169
52868.377556340856
51372.30210589492
34774.588373666775
17856.669147059056
36521.95958499605
40060.92844348509
26945.789363599677
29589.480478653248
25266.37263631613
44517.591355584686
68244.6011858043
34959.94190832932
42334.79169745131
33604.86297965722
38198.319812552254
35855.10982130899
27166.208331242287
35257.9905630436
51780.593508878446
29180.481142745415
17820.1007356102
31757.5180017203
18993.174910597496
41658.01601319534
34221.819786564556
39326.508339242
64808.80442604152
23107.25805944734
24017.84092492758
27201.379312712237
40279.56661267633
37405.45090367571
32672.953799602194
36523.76552804174
32686.26985554548
27975.281225907787
34318.70941514095
35990.16442556288
27159.139277367707
57434.589443437144
83254.46312152494
21115.91179421429
31284.5008770859
12453.211005130433
46370.16335079781
30178.817853697376
63639.36548588334
29819.089135133436
80211.1076226581
29876.413458806437
29439.925737468602
29321.103693679222
29064.317997328766
38047.41576618506
39257.532615184195
22376.594121009723
36343.994705988036
23032.481178625978
40579.5529789606
33298.19781120653
41372.065036705084
97778.27719457609
31622.005001172744
24361.297654787606
104479.42098976119
32179.53010928305
41441.2052209809
75204.61481839171
22424.013553798155
29678.05945099332
42193.888419623174
34888.16791213689
59239.352402564786
24819.81703813003
20276.447646524037
37742.78982063012
29524.17943755327
31557.706132350868
41075.42332300459
23982.97334935366
21966.659308440656
18576.465462703003
32203.968675624204
44364.78021088686
29417.28913948889
40474.560729801895
38779.82819000196
32505.349249148225
21648.227862943575
31263.898235682755
43499.36891496813
34046.240983662414
57726.88531669605
25163.286820568228
45518.43908547084
32035.26144384736
28754.29979196683
32046.601554503883
54037.388486994794
50791.673229556276
42238.368871609244
24083.373603560616
52574.763887246394
41577.00981013201
35505.914610570224
46453.70972065896
36225.26493707984
30507.00905420222
36605.45461852129
54344.47744111445
39073.70363825076
72805.42863609639
30622.26408318614
31404.704996714903
58626.96965256108
56140.52164082684
25398.09447097148
24554.082893275256
38970.73664837208
44854.49176493993
68772.62944249442
31692.536124267666
28172.63167198997
33511.20335841129
36407.46872782715
32281.550966668136
51567.72879125504
23407.560435163166
25312.948593180336
28378.471082317672
41992.29174631298
22813.40739881978
27378.174687132567
39579.119391224536
26601.45373183319
73091.39198179542
36327.7380522709
26423.420232899032
34581.17422202323
62861.04368008889
35274.59191019412
41981.02910827532
45574.20549954881
30436.64993419345
37246.22238693969
53090.45296858393
31247.778264631364
45626.42056658652
55636.07872643125
71651.1221573911
29755.526028100114
35647.43206649345
45372.06526065462
20332.795956700906
24121.361997355772
25908.171550045543
20236.99984628088
87718.86509398517
37737.68475841776
27744.681886373943
27292.891070162827
31852.342902353772
33704.37531446947
51338.789915013
26541.38476607088
41607.136501546396
27324.660275690887
39002.3900087286
32716.45685431659
35902.97195098767
46701.58849600104
44829.45102866559
34617.06653091503
36900.56811222429
25707.162869340682
55023.84061265934
33924.94980497776
25840.122736746456
36011.748222094466
40917.379325887676
28940.2915849452
37921.43777137186
21239.810439253142
51379.200963378345
110914.7418327924
29640.12117271912
31875.389964674796
54392.878509483875
40105.52458575377
31867.391538044005
32600.37839154856
19422.733512067076
31280.676834717957
32139.19727511133
50835.44135971174
47069.573818527184
21134.19941742929
33255.953075218385
25443.891302321903
50169.75752825769
37506.17427371259
44983.218264777664
38746.61147247427
36529.43375575936
23763.396953552565
53440.33585845433
39708.7950233608
24790.129607939663
29117.603828239564
62407.02764413178
25444.745692520923
28907.490440454152
35894.00639412115
25070.557303658934
44954.64371252334
70522.31187584998
40906.648622420675
30923.29443659034
57156.69636720233
23055.393296852828
37639.77658632376
41636.555642340914
25992.867458456418
39497.54673427888
31683.300253214842
29154.16862549241
50320.89890353104
50386.4243717532
50104.492058313874
43735.76043022256
29839.41881300035
44195.34388695589
22965.090742169523
33551.78252532218
58175.541590868306
44151.27147807325
33865.01852945132
25820.602669919394
54219.40151077172
25180.084869330298
47959.32790167143
102310.45188462721
26278.743926736483
35878.618853393884
28184.528729323552
35819.22013526343
22100.57734067687
59121.986352380794
29194.655202251248
40961.00838300451
25938.75810725494
25974.413823313294
31689.0567809917
33595.14115867263
17054.521595228227
32628.758449944326
41590.89960792294
63686.7033532102
51034.35662981674
26318.92656103095
30102.503398606983
35788.8186857899
36241.92902174297
19974.275292933904
39671.25353079291
38796.798988442526
19744.592894707832
34295.23469760252
24732.25114642099
36516.826186424914
42756.13649692232
47411.86288130212
38425.9432596936
49474.800389412005
42260.51855923737
34895.69370263592
35793.44143121345
22387.306022282042
76049.78956668514
44052.587992237524
32610.38666774081
43234.004277272485
34442.71418657211
59492.265628446694
31864.87197088357
34229.522401534625
40655.55342081073
47949.08832379266
29379.749668511766
42439.73606997154
32012.828442700113
23709.80359518258
47352.51153821707
24883.035240603072
34233.150320708715
31151.290178871815
39196.775676077326
31625.90531773848
38845.30151770783
42885.29665412532
28308.070238109594
33075.89366451434
40838.25186576203
20776.642160791278
29603.758742066417
27870.827648923736
32161.1954906967
40661.932137023476
37964.06623885598
27576.198917893227
24897.938030070945
45216.928126290964
18022.846788851533
41613.706634792616
30257.655779312183
40996.67865425294
31165.48417519778
39930.15393329727
27358.778165101045
26638.725254784742
33663.80081225486
31982.912092750885
25441.115284774078
41372.191495267725
41141.59894560625
29363.84882291928
40482.024230002804
40060.801042689476
36179.64340041115
36704.9437588263
35264.62009713418
33470.17999252507
45923.65555713074
27646.893224869633
31143.237045365364
35557.406909803096
29729.531924274816
32376.68441681394
49624.7548189239
23372.984267384007
30802.93311722871
45833.359824165025
34266.343097744495
31548.98523317848
34780.663346994595
25719.916998010034
45095.88840775126
26965.682346140977
34376.75713237609
28260.88991223245
45793.65898786421
29867.01355543473
22882.714720371696
36767.79201555023
35062.01683913901
44603.5679782657
50243.88243169043
31387.48511892752
28208.71726375588
22349.8149380021
33684.484450748525
58195.71585410066
32272.796917400017
29436.4170157834
25914.249919250295
33232.968666658766
30388.3541542512
39896.39692730219
49437.09202730502
29055.642475309982
33070.15983132021
36652.97269346525
22850.38179315928
41314.085364075414
29152.911829462944
30814.45541600199
23835.057321706525
25664.088528519787
37597.19292058619
35508.273204631194
41691.50595973484
30196.945934633975
38015.43825095804
31526.731849536765
24685.770310339405
30920.944171887884
25272.24864401665
42715.61103254812
35076.18516896835
28949.166317848267
24213.32945053048
28944.278430304046
29096.155640430006
22335.084859364113
26342.21558888994
37828.408748700065
32863.532567386195
24519.761528693856
34550.64358178619
38890.71007114374
24563.185018999262
27366.859439964388
32630.630416074473
28626.150118744572
32616.12425878348
51708.28723329327
23961.049818902073
31661.544191884277
32282.670292161412
31146.254888179665
32521.895049023624
25445.438690568066
35671.818507705226
24731.659795506344
24068.795986492347
28230.773912019682
50037.70460897226
48400.8710339152
39010.632511260104
27530.641393813818
43933.867187199314
42655.70651659134
30033.62742210778
27155.37583074908
31460.289224001568
35536.41598097183
38558.41128199181
28721.506278750163
52832.030248430296
31388.14177513879
47204.2276089666
43077.83163927606
31036.77541418956
32339.235311098837
28219.788297834002
44398.09855812799
37340.05519577062
24241.51325633552
45771.41967866167
43408.0547641637
23444.99814599578
43052.25213940284
26193.69894300676
28546.764750700524
28116.93939829472
34364.65719174425
24521.830917830233
34880.37392683525
35389.54212589197
30166.074054216147
48773.780205517294
31355.980522244037
25080.30993318358
27611.460846804504
49410.655709661805
26839.1173685002
42809.67797802568
46988.81666482618
37069.75332130851
37921.26505370686
25580.247154513858
35655.73072195704
28832.898926766204
30708.002325094185
26217.578414558568
22121.148759477197
29166.347281571456
21475.948503833337
52659.08302480578
36968.937884453124
35585.58183703394
30692.77793261714
42150.76365380272
35351.39697503252
40799.52925241593
46756.259961929754
26453.44322524502
39390.984224920394
30201.4542659941
38223.709870638944
52441.219360296156
32860.64082367136
46688.62128772701
47551.4175976705
23889.505839510242
39684.26520050083
36864.497326813944
34252.53215968443
28519.07096120683
39713.92399801945
31201.316602252686
39669.77622409349
32796.43517675252
39585.0162052017
28355.12889989962
26664.02759353109
39735.44436256371
28063.67642574565
20201.01572674501
29892.040253453255
25967.395572968395
25615.701009914075
27069.02539089708
33465.681910530104
20421.403458030698
18262.212076083462
22480.29527161442
26377.88096202501
29326.035017177004
30409.655347784643
19483.05027484843
29974.44627685119
23909.46344416102
47135.92501877051
36283.59149854078
39328.3610986249
24539.194283826826
33802.95602364677
24480.834033170875
28057.053784321608
38081.28625602294
58761.73059663436
22357.534438411538
27513.29865570884
36977.60534298247
25451.466133287027
24059.512836084123
27046.964812361173
30961.989712888782
39393.376500269456
38090.959833490946
44413.21100334138
25099.46030727937
35397.68587998221
33511.3854342709
39805.3662349336
25544.56244372794
24337.576688456433
46728.24005557138
43797.062434532876
41103.791302524485
20294.21238143765
23712.9993721467
53069.11139649377
35643.77074308738
24599.841366912162
27204.41675232634
32293.821201101495
41466.53460089023
34797.59807999622
32901.503174676414
31325.081509623305
46816.28990327579
42163.84383701301
33030.67202936803
38755.00981969685
41914.90197511333
64401.413708566215
37558.393821637095
26131.361090931925
32933.60070053304
31118.141753856144
37865.331360687334
25714.574152450594
37314.36561284157
35914.23518063362
48523.170206133094
26704.431674803327
44151.45793460877
25818.035327199745
36387.23703128615
50803.12244899424
40411.3069136901
26794.749515976506
29431.89639134349
32184.533107509513
33652.095234880835
39001.37297236768
21634.167878428252
40891.45029817004
26394.068209660512
32574.1243627554
19696.519439051783
29500.20616018241
29076.193580285013
26909.449125610903
36241.39194876039
25430.592076190133
27493.97004646476
28613.294094101093
34354.6791786141
26180.179272703852
33409.10961786091
15175.463573393994
26180.798372067107
41487.340365523756
43896.15254696818
29283.62158715067
39310.06059377254
24788.76867396426
43237.697476927715
21748.446496406577
30679.98434521169
25619.58376716744
27598.86776802267
33296.114678855425
34058.82149699022
44177.308795450575
29310.588107236705
32465.450023414858
44374.9266530537
39415.906308583275
28381.861893586854
43794.57133264047
21674.411349059756
26476.063953094468
24865.708040097514
31909.323617993607
26205.266728278635
43050.762206604144
52379.06299748531
29305.007914265072
28792.398441987003
40476.81747860614
21291.983831670626
30901.868280738916
27117.07361772246
24172.42140274127
30299.34458896803
39102.934816127294
37318.213635832624
37447.87233182581
26699.66617788272
24587.734044430883
21665.83729682213
22419.18951979529
22341.77687691638
33639.40439788227
37104.861827757966
38611.76766861332
29949.7833215917
31032.916115388183
27765.805997940057
31153.96114865086
25760.06128042613
32756.846277024873
42402.18937679927
34424.92502187967
25071.91699395574
30300.711797276075
21595.750084097584
32785.495775294396
53722.9074161599
25758.07697686891
25757.335661639878
37111.33412562572
27766.529736814497
31096.96258206372
28907.100252115673
40218.597232391854
28370.404968966828
43148.10336764464
27713.41852196154
39022.180006524344
26158.97779087386
26136.45030589373
27723.719314787384
30563.06263080829
31428.469648064372
24080.749438686587
24157.16947956847
23951.789033717298
24071.515855815876
27144.012677550247
28646.633358131865
26700.909719449926
24739.731428864197
22822.194223096998
30432.845912253706
31280.0847402993
23291.733050115155
42090.907395472044
29343.652514389458
40365.91061904419
28321.025468859574
39958.307279183726
38452.977071976806
26592.079561303446
36673.79811178285
35992.36140629506
25415.266156073412
28101.73329584462
23226.01943970055
40587.4177505067
25413.657323012234
41551.834207994274
31842.52014756469
25009.647941604948
33039.2277891442
37034.68307009198
27499.511916144565
31498.75738966062
24327.629971693368
20616.31623980786
33884.63136245491
33543.78465742341
23053.059144396597
47227.42338811855
31008.002070191582
24274.771970917343
24857.52962151271
27954.85814865189
26321.97632144299
36315.613958202426
38291.64599947887
25931.08493509521
42205.19035127626
45576.38239517364
30687.27635173991
32682.152782768822
36025.792020398825
26766.688712312327
32269.428128436764
26360.19541835058
40139.41282891203
39587.29150283321
28892.31106135964
38365.14219970095
25015.076416499618
42397.52962981996
32599.488403522628
26818.383805920093
36918.34635564193
31023.125560593864
29802.03036231333
33414.50325123704
34970.26552709706
24083.835677740262
34127.11741162924
36814.40024010757
30303.883425843662
54793.31368464133
31192.613959069076
36162.45684646248
23717.790845386873
22815.74251993818
28183.44707609978
45038.646588385775
34502.8369909505
25410.127043030578
26625.698123942853
28294.100442985626
33216.8829605936
29171.328953931003
41304.92909404493
26724.152354804875
31188.02927313151
28045.887836124188
27082.08011929088
24994.378322306104
25576.542910468426
27866.244037026252
38073.82333607215
33297.67270740592
32966.72655730778
24690.512177744444
40433.349066353185
24041.773554477106
34707.24096527482
25954.76601995329
25955.487867734828
28698.36072125754
27536.07256463984
22393.661104078597
34405.78459174982
27270.01047792296
23695.758319162065
32280.926730693154
32539.929867220762
39511.0682013333
25036.081304775773
21730.727094961796
26765.160246521413
24369.890001332922
24988.961213733437
43119.2076979519
25586.307590354318
27238.62178585827
35769.30455632955
22993.05338465322
29724.17954929421
30603.713456209287
22286.579343386693
27081.8718107925
30534.16004098406
26091.01413079007
29001.201396293458
24822.649506469417
29205.69401298645
26384.21026202782
39586.77144761574
29540.931529451544
27811.779448172307
25056.317528920776
27496.23811286373
32709.300888007852
34701.78849351226
24527.426466945835
28495.600095134385
25740.358795529817
27908.757877772514
28971.748837973428
26610.471429088193
26160.35786913617
25420.28699466956
24495.020443320125
28158.130765972353
28343.45939359574
25493.775933716322
