15.753023520604332
26.348836905855514
14.229962277535513
10.619936145173309
12.661071209382369
16.24227083191977
36.46991763324464
15.490554254828165
16.811278540710184
37.84690999513727
25.95938337174912
30.217595310648274
15.379917220454407
34.93980804253936
32.64368648645533
33.00499346972864
29.31405190179375
33.89422280217959
28.328282560945503
18.49270829348223
25.486118116777778
28.878831526108726
745.2655514321306
416.1467202929104
647.5482963215993
626.8987435587007
478.77544155808533
165.29873332727533
864.5841112139094
537.6187906271041
480.15550913762115
500.3846529514924
498.6948426300919
309.3064370415204
519.7308214460834
781.9609778378352
756.6740448351228
879.0712150508198
845.3906458369033
598.253834848067
813.384812542224
756.6334488378747
457.2448851751843
697.5345404446224
416.0120935315695
507.3015673981149
601.1003513313774
534.0064668030968
458.68125194551135
691.8049686292135
376.27959543581807
545.9435209088733
344.06497014242314
383.09022306831235
378.18576215706037
590.9872402414471
739.1867313919473
568.9092647064801
902.8068104300521
447.5440121374141
641.8479926593191
502.6670957914736
506.5729170634801
712.5843137091514
715.2297019775389
540.2700855120559
410.6008947879508
520.7831785134243
280.1471301649255
609.4156578685714
709.5307782559132
540.3068270770306
412.19034994605715
688.12362159703
585.8374617221309
413.67839215234255
675.6180024952646
873.2561868593062
323.0681975485719
511.97867221677075
381.97594149382115
250.92970988710383
676.9373860268494
485.77956907296175
722.9931968255345
720.4368857922645
877.7164701412061
521.9378638123967
348.278993832989
590.0436183390259
708.3900229914276
286.08754037703943
306.44515827507814
226.4909198286312
537.0373553126768
234.83531345428662
654.1977539662244
648.8515335376472
293.18365510769195
529.9154785584384
833.134287409367
619.5766326144702
667.699245026974
292.8538139949882
371.84418958491403
678.4026667052631
471.7119761396124
689.9907777553216
524.6305166523879
411.0309378225557
639.6920947044227
389.5421687823869
384.8243603413136
584.4218549526539
384.0245558405218
624.6866767468426
470.029395506187
370.9979640233744
476.83502189599517
841.7883446513509
812.8214173358425
216.13704160444982
663.2668362502405
534.9549422424903
353.6062176571005
399.7312485509988
279.1933577420487
466.70813004331944
802.5764757150653
477.237552605865
870.2187666557336
606.0282041729404
675.1578208609516
694.8325539922241
303.1877236126254
513.4887863181144
432.02266936515076
649.4859934115542
724.3490610023108
638.9721166951764
249.66882049388602
470.91059217532927
832.3438154845135
374.28470186112406
663.9082700165127
625.6635366718788
620.5154668960764
531.6523128622795
845.6178666892424
811.5323197237032
675.6386740239961
388.38109063963356
585.0459327558311
646.5877189377032
453.73106416123085
711.214559816804
626.2789825611819
949.2091591593799
647.1429520955703
44.64204444688232
752.7400040275319
516.8412741537737
592.3827071706729
348.4913211530977
631.4976971791505
426.5102845278972
344.19219949668735
451.6080804702064
361.69611140466554
668.1023015215766
486.95018104143617
688.8179068261176
419.1081909020075
332.8463557143949
432.1929501671689
561.4948086848469
385.830534791828
386.88826066341
457.9406879124054
646.686907580007
674.1724787136251
746.0055923606004
507.81250087305676
778.0367556609357
395.2142966946379
337.0873399803103
555.2951395625379
717.2261626942045
607.0186429612947
387.44914140011815
151.1069055728334
485.6737709498097
796.6660045954967
686.3012343132672
489.88375271137306
605.8860128012598
176.9692620097431
255.29685119828412
351.10834048463096
313.23255308085237
411.3646548315958
48.736566548641754
502.99113561248254
747.0160794677191
452.0840579980637
522.0759353823117
769.1957051616492
502.7529384278063
489.99822533413675
581.7510979369173
395.11599207124806
496.9598839553752
345.3141116268873
364.4722599408623
689.6216095943034
637.4271211219109
371.1675941505426
529.2257406689514
233.8008082296864
317.69461170513335
521.5723453119393
390.0842624852255
413.3389705291838
520.43011709065
400.1539047748518
711.4343087950172
367.3953426326074
309.9120928988916
250.54245991522654
376.28476620194505
452.4318067416643
506.89731943445895
500.9636157299434
491.4129167863737
147.17865587017408
335.829679011331
584.0080401683032
684.684770498746
431.51324359391185
288.9227094903537
338.9661825830064
279.16691365894377
679.5490719518033
653.2891147408935
892.9104113789793
326.74314134774113
218.02483406231912
842.6257665762022
527.0494670086515
376.1511149261629
321.4694520711666
449.74381266556964
498.077497259319
638.0327531483854
297.7791213673687
862.2693517715358
507.0551597251252
617.5213531362612
737.7491046828093
750.2005253207216
711.4626900956393
812.9269381099966
605.0890210416936
442.9223472766063
581.837063846309
34.43340433064163
543.5686280580055
439.99529407384097
654.1695573238177
556.0163729182335
250.45036868828575
114.29289788910752
851.8562585858091
580.0509274267998
459.0568053895002
327.9604288610046
490.3853910777675
360.91206086424285
740.452771248723
202.85190001215358
856.1844043167795
790.7143182694562
469.92573446655837
585.6489239896371
208.532773340127
409.93339279321776
220.06278374730948
484.9445570810551
375.06034575302414
102.94155000814213
481.34796226533206
377.1740958811836
600.2320185025069
379.77032092046363
725.2544885989489
181.44254737909412
379.6181211285094
508.6417142234024
826.8054973226248
592.8765843309792
356.87924161169644
403.8991737362717
351.56026240404606
488.90378669476615
236.7664769744907
532.2793376133172
547.401444391612
378.3450653060427
678.1208400732261
500.1902705328376
650.2864925535587
410.0495733668065
171.22137803780214
401.5947004594304
579.8825386492437
601.433514089465
284.41371543242127
619.8781075763773
425.7282937227561
647.9801920698329
750.1091001019756
463.9927999631821
540.7192928493166
710.3832190969295
241.48229930085566
721.460900973272
449.38931509329115
128.44244522114843
695.9097990372868
432.9173436636642
392.98837950664046
296.3746106765341
522.9473142658757
194.38571451335065
833.096466750661
211.0066933641876
393.1902552243369
269.07339002352165
841.8679395571745
632.4498362539059
600.9826725769166
388.2330609805341
359.29858519917946
745.5851625746257
280.54226210031834
312.06888325405737
184.18055703293732
431.91951455190775
419.92616167730245
342.2298581131103
417.5963388937025
748.5141298611118
468.0467104985822
384.91961179890546
792.9143807796954
530.1358452861795
189.2348285295413
377.0597253264982
507.9715965656554
119.19180728252381
353.77916796414735
424.357462196303
573.0439492581204
360.2424832386753
236.23335058128168
374.9652434850079
294.4456444191466
592.5354987460712
341.9810937289197
599.2764307339895
695.096153902289
448.2385207081028
543.1766769491903
440.3295138286825
733.335716569546
498.0930645879991
419.9459250630366
243.84038424483188
634.9473284655278
708.4647884654754
368.97664009090647
417.5757596275216
421.2488113021981
384.7866143733213
565.9665437851766
940.8964683934182
397.50271080310233
437.4969456879959
345.8892251833623
463.37609795993035
312.5699788112205
628.736522085151
269.88297656566004
453.12906044542376
556.0850030542396
874.349007128627
51.29885190150052
406.9663455179884
246.44804629856392
706.435331076345
548.9073210394828
318.13854106942875
370.47751063891377
589.2780270901698
267.799185892135
625.6179350594618
677.6416622517283
637.23059810155
429.2625095397149
313.39390302552283
792.546427920923
385.1304837056434
668.8316216828108
433.597678059068
300.82860850366745
336.2527128181198
456.5810689190757
335.9105021542084
816.4088660685311
149.69999892659652
412.16450823240797
885.4085297669837
432.1720740021121
709.1247800207559
331.6922985283744
571.6316314557969
361.0649776272573
139.57404810506955
791.3489250247837
734.3488728944964
201.7971694978103
361.75576678060827
135.59337548904873
332.57200752682746
519.1806379510667
775.6333783573183
442.5380117644503
460.99360032046144
825.4036409168041
511.32034513876255
545.6367218015444
696.2014715378282
505.7277648404026
200.96359285787602
432.11507915830714
186.19886786748825
348.2168140043885
515.9080675451544
562.8001887122641
562.9866350843974
384.81038396026656
549.9927578625768
368.02233580373235
454.9321593585596
738.740715112063
311.04333713094354
779.200469633648
700.9025835660597
255.11902647441565
388.6155445902668
509.9308310167694
189.37436844478782
311.22494706558234
366.5194382005281
407.32460066074105
477.9636792497389
263.0913807944049
771.6395210579029
593.5386805646965
438.6669700832873
483.0314937682577
351.84937803881314
854.0486319107536
364.8899897466622
383.8035883224556
579.3052885798726
473.08103491063366
506.0125290655895
350.43760250534956
678.8913549945065
335.0933007110402
370.720906216339
465.6146851734121
612.0623173780255
820.3281459113891
668.5233407757844
186.20415334907827
210.25673268477382
766.6653089870983
703.5751545942938
350.05863921940175
510.05688240027126
276.5385119957181
725.4738233481197
591.3697021234755
412.32951126309496
357.5103477279282
820.0874930419739
247.29072895471114
373.1579535153308
303.620610189417
374.98904195884637
364.66860272239063
539.7647213915138
514.3814676913498
554.7182502701825
723.0954384960322
487.4186860327261
698.758608151393
308.40481079621827
559.5409285809397
492.0694476777113
818.1012741170849
615.0681147948017
887.6480447747031
697.6387684482943
339.60966897410196
593.4858401366679
178.09180841410657
407.01703660861295
533.254839412369
266.8500530237937
480.4010782515125
747.5986155406122
520.6149851425425
668.0507294934027
497.9346977451345
504.3138297490764
237.31112112404327
355.744265221798
393.36429933246046
329.9467027944583
439.7420454121187
70.71906741258286
649.4645628369624
337.9658154153912
347.31214670172295
158.76619383854808
576.3010342565001
787.3663023512904
395.2601197102889
321.5808124480604
411.7636715381535
384.90692505523594
639.1020201886541
365.305765374486
232.38623132358774
534.3259604695506
564.7103703551431
534.4121024710794
369.43878314714823
616.5894912400936
536.1873356227168
686.0121881798065
330.9030673909551
326.8243116715676
538.9044633853734
449.0771721547799
345.51080948449646
298.6695180432642
766.6836064757671
716.1278109511854
726.7969134685227
580.608279950378
288.8653216212852
253.64746053687037
562.1494684620259
45.4504578773973
218.60002267977194
452.7937757561856
722.7906359458202
459.92913565740497
410.36835159129123
306.83028333692806
460.3909892141849
628.2999962812044
853.9508847492442
216.78858637485595
239.90288268657753
704.760872536146
512.5069317155193
783.5005263989948
329.01259486536117
256.61110609464913
483.3715098843618
357.2373354045767
462.10021206113606
426.15239046840327
365.7087782845461
668.2408021386249
416.86580527019163
401.55204214955404
412.12081306269215
593.843757721991
713.9976496179963
541.9948019539937
164.06747931386892
362.5459766520053
550.8397365536633
72.1035199347777
275.71033941627866
236.45137883894174
161.52801084183386
657.0807156636868
737.8694923636763
698.4119938577583
699.7906010906152
527.1734274127888
561.6907618542123
427.49560280135086
52.22170252763437
274.9609559661232
565.9007702411799
260.5821839724912
823.3509933078758
528.8472300738187
559.4618084203211
274.3680670232304
225.86069906429591
386.508682359396
304.59792769720013
729.9108016746463
210.7668420934686
173.5634394872808
313.56285965708145
583.7755141666723
803.9116263565622
459.5262989099413
463.10969716807307
644.819266402826
418.46975951857445
796.303783409707
551.7709193308053
198.86418144749953
807.9828207234216
600.6805997596337
654.8543755539473
36.07469314684469
309.15466320163534
482.6016983892612
730.3152771082496
366.3749922312765
884.7174226885569
349.1096787341204
399.3552346679793
267.3048679933753
732.5233670186726
454.48722840192625
896.1427176368838
429.7113223641431
419.62059440829836
305.780681941214
460.82755639052766
649.6770343225061
262.1014883000851
359.00157766124386
761.2131531577131
508.58747990471477
337.30098688439256
796.7537524826444
363.5382912396544
465.40856653565646
514.6008847327026
315.77669981898583
241.23064838065704
232.47114324957212
335.5085049693703
131.6937007860582
239.180104660686
359.0005693885832
318.6705903902663
771.3407802878872
196.45804061137866
615.9555926574797
646.3774332068317
415.8481545999651
433.80492682990547
298.15986841835274
565.7293134643824
76.64577027854435
145.68759070380557
614.7464854049866
286.84033331885826
503.9282913002934
642.8488214541486
353.33351156233596
832.2952401047197
165.52085290783558
407.53126160189163
321.0583592047548
311.3492133424132
288.6488587552099
614.4855023669754
195.95210798477177
585.4357309456
390.7680754188706
580.0610286047275
119.59592192119824
685.6262822056481
694.8658256423939
636.6387016191126
236.67798762550353
765.7280106977142
42.72851114722342
262.66392268906816
235.2362912830748
379.8274636668963
776.1229231620193
564.8694755578141
749.8917197221624
666.1326502910881
627.4891483961583
507.8356179351112
238.8572057223208
634.9494581200829
681.8732950202408
810.5223075463318
615.5801019925402
407.55248387393624
720.2212654516975
363.17159134227694
581.2581591848212
273.76660865034006
666.8907861525821
214.29685318839165
429.01982052524806
801.0950007152932
705.3894825652488
604.8313021437699
270.9136276139489
448.4698896273119
271.7167103638168
387.11846835953247
700.1106847304367
265.24404400169345
384.3689693335429
172.62098708385133
413.43101140275826
512.4906406691493
166.4828762593218
442.2464203347218
621.8981745554868
515.4562560012353
365.7983130210882
461.7022899581641
356.99269836874316
380.5248027652286
454.283971485064
38.68204100393316
153.52698747513278
272.28825099082457
525.7410470877165
366.7937133122119
199.23927508297098
248.36404449231554
551.7957601499003
558.9302230411745
420.93339473423123
731.5910642665006
353.1811556367463
252.2344247628701
269.9911422823123
477.6891928476358
154.54477568580157
771.9582235109342
469.04932347378013
540.2153044222302
417.7415604176665
323.4548463251557
439.7527682698836
240.2213436428295
282.35424420016966
344.38144937558116
441.4178790941009
809.2841000753953
706.7526467256721
422.221066900014
360.47814057403195
744.8262097165349
635.5413092745836
498.20309247361797
255.483751790344
337.1213725903169
689.5874872994265
294.1701141131657
205.17969615611014
367.31492122810704
629.2043635377032
433.566475904868
578.8348419298302
435.47580394249013
279.89661717044925
268.3145817981511
484.6822407616745
756.63292107299
722.5301573849962
396.84292111843627
562.9044891867376
314.85725076658576
539.0591859013208
379.6639562878414
361.8307643784302
698.3553440467647
755.2737412551959
218.15998636632528
249.06334778808926
652.0555690560012
323.5525258106911
499.14364743564164
516.1191964659876
702.2170546706941
370.7859136406232
257.28721317979534
254.17728645085947
729.399458382414
364.2413800032335
601.5019234761985
770.3131299486024
210.42033839358245
712.2183632088469
199.65275783385886
419.47131391767954
130.67452397863846
270.6314782591497
698.6643522269106
542.0026457669412
271.3008409861592
203.3504224178622
203.40739974553964
120.25138993710618
552.8125099001794
340.99883763867547
292.2675659688289
751.2460167775753
406.6071953376779
399.2887090946636
225.28167141890523
309.044020069613
364.7971288161534
279.8961546279126
635.9781316146426
418.5147501379009
205.62874933635632
514.9799865450069
146.24801794738102
747.2176859702128
580.0975424513567
569.0959819112295
166.35504282325132
690.012790791314
418.90716391422154
673.1414970015596
547.4382231007309
664.4996812721698
667.0964905938455
366.4407363428743
451.246194248675
564.5140247544792
329.3211964898557
590.9895237327268
437.13279169070756
386.00981258907626
429.6259978198369
359.5684979621669
657.6332683067103
165.0349353090719
324.70775192083863
707.0311631583971
272.46023394588667
420.1332226751485
528.4517612970258
393.62139054937165
724.081144883429
645.3545644695382
309.1751675297658
385.3836154811014
329.4007832192666
609.3088247665551
465.0625271696912
469.8825808857253
588.5969707615303
674.8480435562162
815.2755317769733
248.7248409827181
605.419375045909
310.5269269212874
606.7824164199958
393.43938668100634
380.8659573151149
713.0242075003058
383.57798096540483
443.7651166803534
280.1905346587219
805.5445671239896
250.40017914028056
636.4612634047954
332.814464158952
799.0147514785241
633.1037011435916
554.9793307996164
445.7258728723547
498.6892226343245
412.8511339954703
372.93004057072477
253.48676069942928
479.8553979837833
375.64333833369875
774.5565185949874
531.8823163321475
366.9099876404394
485.90602819417023
655.0367104011242
337.3366718204198
605.857277407682
507.0019707928962
784.3639842864018
612.9486842005659
510.6623958539983
129.23065461512329
770.5364845699389
766.3224622372069
515.1837428254858
182.30851629688163
307.3047119577566
341.8313004685402
244.64257152328443
421.4493760612672
250.69975168994063
589.805537050087
647.076913860816
334.4788757269404
329.4250068325644
693.3555561603667
304.2923028329547
224.94007857117523
192.46006217783224
479.16076904222706
803.6610421269985
425.2292032631091
424.0391362826542
649.7124622647761
667.61624668088
192.26352339148838
554.510182761057
187.08275079135404
257.6572696056802
275.25114132672763
374.3439161615232
330.245470710568
231.62157914846483
285.84215246684715
531.6990036727757
151.92905302165147
333.2801274335519
452.7079223628554
561.5445422377295
490.6804890898146
94.46635834501426
259.6317880266272
598.1694289363807
368.6275726172591
699.2124792233265
696.3907713611668
433.91033695680903
267.155903686659
289.2787540149891
727.3991828450686
84.48906771387837
224.27244423181952
424.2962373906751
367.1694760601282
264.07009148964625
762.2532069033861
637.5373895343934
295.27157014075146
508.28032094020136
279.74410500544525
225.14088483138374
678.1902275277403
178.4264816483796
443.00534004624365
554.7074885920464
374.7372592191117
212.6172832400135
220.34349235010654
494.06841642078604
386.1784357780687
736.5581690398392
276.3463372612959
456.2591337402975
288.7371048392015
95.44717674829182
721.7651401897532
623.7373440998393
243.8306161809302
626.2571971771567
292.65397716612875
537.515517971323
629.0974235008854
168.76548230594656
148.0385783356543
293.25519544125257
298.4338084105065
590.3137848047324
408.8892935785653
543.4102802339685
302.18023944627885
365.3488776556483
370.705231377796
694.9976837749831
670.027674675781
142.5690257016973
518.5801049127327
376.0917142283393
452.5421657493639
532.4544387229203
384.71966732176577
521.3464867874691
142.59532267282825
591.7390562063431
854.7643233862502
735.4440458440896
342.62052112973697
671.2123848690775
413.5481391837745
398.70139028878305
404.1965069693335
448.69264826261576
845.9036289612395
394.6458508567751
487.15079678818483
478.130468294752
88.99854721522064
521.2268269391857
241.51951761781274
348.6456591065223
286.4862067130973
320.4091276204841
524.9647935575558
397.8851862694918
507.9131387667237
364.1520127847898
77.46596754877957
476.62132237070153
198.4516287587257
552.6450229512118
176.2202987399598
337.71294258200044
203.45336216168405
306.0346108601952
527.2084901233484
317.5406874299204
135.00676062965778
259.4442036016486
153.5976230916873
357.22642566886884
810.296403731083
324.60106185614364
402.3161961041829
309.1102702146257
377.2447252969517
566.5894764442834
554.1100936034732
670.9852073650669
221.2743219941687
432.30511402397866
357.21553156317304
389.539697581563
727.0057894910983
569.3448276157185
642.7342804187462
615.7116602002924
161.59456061107872
388.9180348357929
258.23240720753046
593.1606158416164
151.0663400162016
808.599202740093
323.7497343469414
304.22564428823256
672.0386807640729
765.3121768497796
289.27542716693193
425.7479209991602
350.6398969773546
195.52280799550064
341.51801008526195
596.2555129441184
663.1096221878165
211.58513570518483
355.57264996422066
238.88313391105856
730.0849323703878
107.9284751165488
133.31361306413748
538.1971552874974
170.70804253104828
422.8028886385863
629.3145212447192
649.9477485778193
436.85608348183234
604.8329544892149
602.6304832285449
538.7310417031842
899.6500547355469
408.05646755284715
319.89654724805956
260.96478334256045
777.5052421483379
191.24335459513588
584.4775366925156
422.6556183215216
682.810100521207
346.1761604851531
242.2604059475422
281.7931886607418
401.98015629333787
368.1123142986204
813.3798081342594
290.42772020501934
668.0831480480377
107.15542006566915
523.9731486454648
471.27604852182964
444.5726645217925
576.7092800946479
484.8145091998812
346.67965235155145
676.5958443077833
712.5518749997219
451.75671571247557
263.9713050992418
735.791233999369
113.30097285539823
739.1074681355741
280.86750784636087
258.1486552271612
150.45460408319397
331.5881069301412
500.4388580580478
502.11440963590195
282.6618335822995
200.45030278441655
403.5356428177752
311.72788213304887
530.8544967947556
427.8079201081766
313.34507443691126
448.8719575790252
386.7041563419688
261.3255105265995
489.4352549187768
618.2012381208883
149.68188490335845
614.7378511941349
191.85476353970557
535.4338702735209
317.53141484886294
276.65655252057195
115.06306193226565
250.13603354478403
775.4783220889452
246.99198654261716
357.5166080259314
380.8998022841421
704.0219745659475
237.26217203574313
790.3338851527315
103.64693090633813
646.6243742626001
252.14584398031175
827.5775583458058
326.27777507272356
450.0746812615723
367.0962741805604
465.7799516887557
482.2247516287857
815.3463918233838
231.78501916458723
733.6625000595941
197.00742223058052
731.8001303239529
258.15024291753906
452.66527802523035
671.3518306557194
363.3931629215605
429.4675678881587
345.13057077067583
571.2764198009021
439.5989435713555
264.34623124063603
625.8086621007321
476.1142077542046
383.4461996776454
172.48848061444656
367.7916662880586
730.0185234343502
595.2548397938663
588.6422907922127
588.086744382475
211.1689983474237
560.7012554548184
107.28053390624822
696.4733862533702
416.00868527735213
325.6114642143668
211.53136690265032
167.4685789301267
357.7393281070821
470.7765077264671
388.3871529313466
585.2216880410856
776.114283198445
450.80930032813785
113.97513800844139
41.30081521079689
393.3794812281859
425.64252980747915
214.00709296800326
625.9634933725404
201.97803903670751
331.25439879416837
385.0685155456187
263.9224598912274
641.0217368507984
644.8912394825239
627.9801152132309
262.42376392539296
373.4495117568327
623.5549957294647
366.3586743161721
408.0060236049969
505.2704309864574
233.9787768102865
439.2195081006273
288.5003676603267
491.40536472934485
228.43757889214848
561.9590562326538
400.82089516834645
712.3498916723344
586.875608950708
375.8568209371404
233.7575680925792
548.0728799425694
375.85425851911884
358.7602931037741
706.2825126974301
341.9079593233596
178.76836800506868
75.45549796269934
227.50461795698027
768.5476254068628
524.6934830262659
518.7884374172957
533.0271150158476
263.5856496303712
361.2354665850818
366.7438604711255
637.2888440228267
799.7792339414866
698.8609948889734
428.50388272615237
384.7406017998748
371.8453121689471
361.9046382181946
727.3534708345968
391.42205848217935
175.83742030452498
262.8784231564413
577.2803714102971
532.3124871795845
814.8093026200596
271.00265678814463
311.4877003140278
220.21974409141094
416.472282343898
576.1573771089187
529.8625997206437
890.7659811460143
411.00302448301085
536.4421720008203
743.5839894577489
318.10158787204057
366.9734012122706
583.3763861430891
150.00882424923202
263.7965893887944
269.9447103907975
247.52487453013075
372.8030534401442
681.3978954713842
582.1207261205877
659.3836271546456
726.3985685529173
624.4889589020293
381.42771772736984
181.09855490933322
629.637106608026
773.3768079470914
549.2536221711343
710.0532676405655
771.3673196542096
73.95088306542202
505.06863700426373
590.6599325063966
204.0203137194587
554.139842782395
727.678591818195
904.6572865253897
190.44268090455094
234.99688646449428
461.3374966131432
168.19339063223183
494.14143172378584
553.9279217803986
226.31300247402504
334.11576883248586
312.2138201927502
655.9274683288025
164.0279752366347
831.3104181868728
328.24565346069477
758.0796586407381
422.29122307137817
883.4106627276758
277.94386406830074
322.53925745684074
487.1114764680551
322.96708032233056
389.52062229060175
209.19362182168572
444.2723345856745
413.12476661279135
307.75201566682586
238.90619665267127
439.10191294546206
458.29709206432346
686.5693450259229
638.7604883141393
436.5535375865085
597.5477879664285
278.33061208032854
288.4610376128688
286.0887657288716
295.3414678316831
738.0511448090507
673.2054767682522
279.69610087584203
840.4752554852223
171.64525634087752
226.25543792979562
530.7536322762492
583.034691268154
524.3824600843255
141.54851660604862
74.68172398512114
569.6337755676537
867.8042977848971
566.9592678534405
81.88484072741267
340.65327998616107
349.1857380856033
753.1468292169749
773.0352245797545
320.08345868331764
331.7539042989984
303.5926510971778
573.753683653577
508.2204461779143
217.31599545041522
442.7133096974045
191.8390580982863
535.1325533302104
669.8139376116461
278.5378441414548
424.10018014322907
238.573495265286
827.866730130479
259.1895728778891
413.70678056376926
409.8134218717252
535.3748136998146
284.50450474696413
592.2830950189484
299.36244997912945
247.44339362372966
577.9204766657613
562.644919291966
442.2194019345792
763.4091460937756
563.2627157618418
679.6181036714827
504.0993762394039
587.0412496730318
617.6057541696662
857.2510669625591
435.86073339847206
254.2685170291964
84.43336973620677
148.79146200149935
368.77112461382615
251.66201966620616
437.1992110940629
481.5070483920718
591.4776075056247
186.58326207515577
793.9906174498673
175.49003867287774
615.5640866819025
440.2399222663454
190.73878403382034
368.2867818881409
429.67149149884426
244.29141252587544
736.2004298355182
136.0274859467377
654.2731093104054
460.33971973672686
450.23528440536757
323.3508049550839
382.90656167247573
762.4062001851842
799.2307919048416
344.64282986061585
284.7976963153947
629.3801256076274
236.23924623820915
387.27888015782924
431.7297747936386
314.0138660222978
802.1833807568083
211.7590407587606
277.1112827970812
441.3688247521495
273.0929444772778
476.503425028653
358.17605257250835
356.21022189904056
593.1509776930106
241.00504251148698
604.9587477980406
542.5750450156446
242.58611344722905
169.51711904965174
189.44666222213522
428.24914871324427
829.4114885991756
273.6923706847398
348.60741530839124
347.39188762983065
621.2429115918889
207.08507577315638
341.45209513626037
317.16069693714246
515.254653381807
244.53600626436
708.1079074111584
450.35128387928415
204.85852563335914
342.9459335408361
164.30963645355033
642.7071372037306
733.1662550457618
644.946212624527
820.3889067305613
275.1244605010028
571.4874777625204
497.58975705400746
560.1546498720154
147.2859914686851
77.32747654298647
608.2301742896087
134.40540268978714
542.425367787296
589.7373769728208
619.7037850029412
739.1686611373841
681.6569426441051
307.78259625423163
169.76643574572196
356.5678935821629
364.5772133694318
231.6386451868119
602.9503355152921
565.8416733137627
602.2856868077837
795.6349877766238
644.3779615474634
433.92386895120444
689.7653913386308
345.24031115942995
580.0408461521873
234.4590556774291
239.47965460770536
279.8063867629766
326.0831959923353
431.12487213214206
359.8825868404963
745.4695066729793
572.7433518358341
723.5123290285028
757.3999949175807
473.828545401141
508.6633815130683
414.5561035559252
127.94354477615887
389.592105167113
620.9102171836968
219.52044586791217
192.39956756723006
334.4221377363894
304.66655259091317
683.6711855927895
78.96980499313732
267.2837053755403
124.97001840282717
444.3933210221726
560.7731493975909
398.5954958467614
158.30692808278386
197.953961238363
445.0523843487519
538.2339995683703
239.2712722410736
540.6351669377169
168.1195134320475
805.1599449656529
472.8640728263263
458.19940606685884
501.83571969494955
601.5515560013753
650.3533719703785
166.75685969302026
287.96280726385123
338.2253760954216
681.8674820790442
649.2928553244981
508.9899642179816
550.46206475416
408.6000786544502
142.97501352148322
386.2902604526963
287.37410094815317
495.50653151908773
294.60363691988175
691.3475728293703
183.1467944164695
667.3473010607889
606.5209140914304
512.721069303817
724.9627541777844
224.759498512636
510.92533270062023
807.9276390160329
738.7152920666884
642.3200997443296
239.54485326759925
295.88273362767484
377.22967675074455
504.1943854344878
699.077673558604
177.78459226100642
148.17992434690714
319.5952630603207
479.1898421054469
192.9330623566643
346.74180565102586
579.5995013393524
448.1739208270826
460.85450429467437
294.2306281001661
143.70160311887037
253.86312041253018
630.3818974615392
297.4198797248538
277.95852577682786
491.8703657781919
652.3473656354722
559.2600351945034
511.8742225811458
701.2060760082218
317.709032628544
406.88756547623376
720.6227434988807
818.8902165944351
214.48849843891173
803.6354158718632
460.5042280400014
719.9557373668098
418.6341998621351
442.22393326526424
597.3226998997006
475.60791844076977
532.216744992372
404.90718476245803
604.9804944798568
572.0876026759765
299.83760186645907
279.7804673655955
298.46235494460285
321.39758085271177
469.6424199487095
557.3507532209095
440.50896762015833
103.68214009896434
270.6449126152351
313.2278134864156
264.1393243756676
479.03223712775247
567.0011497837964
215.89571653898838
157.29185164886815
203.58673365134777
515.1682638501684
269.20658850886804
472.25340484819907
251.59898361234755
406.7016429612186
895.7899492491011
754.2640904060466
572.6067706859276
205.7096885589491
303.48916523813745
591.8224063540614
352.4955473565673
223.9543488922281
474.662676999466
522.9906059092508
404.27512456433686
628.3599878234219
526.2255515099479
449.3056842366468
169.23208891664652
385.40372112392726
123.93269325126353
412.03043456104456
100.23331979732852
255.67201034426594
690.4997025589872
605.2375132294017
471.9648379353171
268.4751081992502
324.78298980642995
360.03337197944523
814.4512995024463
307.7025761156261
189.64973927241718
366.9678301149446
217.3934351611552
362.0403956133931
847.9447681712153
192.42438061270326
240.50441159053958
146.9235360625564
677.7013821837827
165.93956077967547
375.31779415967344
307.8284522247653
884.829232306866
483.1719400831939
302.6806325939743
483.19959272947443
577.8987510977785
248.1351539620405
648.2563390782401
244.6550317656279
587.2770654847654
236.08429454290138
712.1454190994964
300.158195381711
293.0772232354093
734.4257792521423
307.4379773682324
112.70845806400747
454.7605629767879
504.75855291098947
329.22210243776027
517.8291935726727
318.2126346675333
111.84172667373582
363.7482140276796
675.6329523257871
398.9953315370109
548.7234815093891
167.0415804071398
508.52708977835084
682.4324742806381
333.5851945619765
644.0558541799728
308.30994449692577
261.93815409446415
638.9274117328694
331.4199982737077
432.29827021325565
697.5674525767946
388.41775658304095
547.4245820543665
286.89755346003295
614.2492569016893
566.417080526523
559.8699392857387
418.925947029102
365.63609797849364
141.83490457075587
831.2996091818532
265.6575688555731
503.58812805331274
750.5058559461734
259.24898748676213
455.91401270232916
642.7612876875552
418.9628306323133
557.5619752868412
255.4625765384822
569.1518791853506
577.3011676575996
629.0377267176366
748.9739562841803
158.3381421054431
556.5246729923506
314.7100353237505
460.991008857353
477.059331078268
243.46103495938854
218.11036860122772
758.0890315195919
183.22637738756578
360.6794928459986
486.8313939927553
380.9388447594114
323.6386376325912
253.19669720619302
139.93108919393177
304.4628575953935
248.34357357983563
600.4538878431488
596.6510594932778
507.49556030829467
407.36023743704243
237.2868875254957
183.23369409262912
202.06922423246468
314.6561152824714
813.7338555834291
586.5478096169275
231.46994351498734
258.7251634102842
275.9582507182412
618.4482902303826
101.45507872938741
324.98162150640064
146.6593039402063
532.2859583340881
130.20490182949922
335.9154949820954
383.03665015915857
415.81852205026195
572.462125829647
719.2494917563548
394.1623632482513
577.0098313674076
423.64997326508643
597.3002101809872
199.52356911808138
42.94750917771102
630.9515021432135
433.87705862683373
193.31880120938285
425.799274983736
454.0583629584275
172.45664492199123
402.13285634993167
213.13523858028415
147.87609022290263
243.21445395694857
480.73330762195167
252.009644346592
89.63042274587514
158.21389502667233
322.09861516894824
211.73401126828978
398.34428119680257
420.75316300196647
495.8209580949767
415.6235998012782
257.15756008214
231.3343741427101
659.0872650105431
123.44335430056096
454.37995785469707
184.43172347001865
552.9894109178282
350.7726471626364
284.26190770287
514.0560640315153
818.9436228632942
515.7567053881019
689.3368822278106
288.7036955578556
433.9246184602864
685.7395080903345
113.67116184645916
288.25737924737757
199.48449905237092
374.89617481720603
407.9118322753834
129.03592593397713
291.8561145119567
92.42739511923978
296.1642710523901
315.7071871187702
303.702123508847
295.8788771933427
354.5893046017873
401.82765223701267
705.0235587816791
130.2625053811017
87.90144554760313
348.1805856896559
558.9118969405781
536.2699385592529
269.8927421439242
150.01539789213172
530.8163524866649
102.94408240080394
617.5795487449009
221.83420309581848
419.40833281987557
137.48830545858812
368.5006085639687
529.6154931068666
275.5005966766268
274.5979134553287
742.896647711399
53.34716215441714
634.6662675592169
283.7300784997257
259.56852306553344
645.9101614208162
601.2734900254003
371.89265769441573
770.1293623173748
278.13219086674394
242.84393334825373
463.3433840899545
191.272235471868
516.8293376581018
632.5998606384311
275.83141291051743
454.04688673172456
476.77614302784707
363.39784434361843
232.47744646772153
640.3625607457514
652.2463674176346
769.5938443432655
268.53489854412544
462.82956543593
435.33419817134245
584.1209386292679
148.62809792964237
546.8028932933952
189.99089062974693
222.8037465373836
612.970252884032
363.8485141983005
685.491670756505
633.5167262446989
399.51517200480725
190.37688254511627
586.4714945499483
260.6020325450594
283.51265640726757
252.4151742798238
617.3844126714628
385.49827506969734
428.67224647461023
641.9168694675737
463.9128791134889
329.6956084890265
90.71802964669709
516.4911579805142
339.3178371897276
416.0425853853183
238.44525242815376
296.7879997603546
206.23696343486475
589.4061132213666
116.36539085682887
616.6578698900817
325.49385227943185
464.3292348282845
552.5286772854465
248.297522186133
168.07400649292472
354.00480709233614
347.57672882855036
99.30031101082784
235.37817980706913
742.6940184660128
284.9737505886011
113.65383621484219
727.2510643707873
413.2728573746749
199.39844706175535
213.71570102590954
344.4987037144753
622.653340679568
800.9464855073484
661.8980926571717
264.8228743921671
328.3319903383686
467.98791266307444
457.4382408306245
814.3040173713725
594.1284348257333
208.8814979873421
89.54706003195096
397.79847952130444
677.1973834368968
489.46244172680247
350.4035266962319
735.1206350830139
245.04407929674528
621.2656320342264
441.3983054131502
681.0681800010286
343.78951138484047
80.52875644141147
174.5892668975749
204.48061351872659
261.62640764235385
716.0556994350508
380.02182113900153
537.4112379724382
299.53730933543335
73.43961715108803
219.3187613258458
401.337840617437
128.1074043872196
574.3035037437629
265.6126726136875
567.110130692302
85.98537068845545
185.4159081574501
202.6563123356319
598.0390734509633
138.63677984276768
91.18812284518546
443.32112900381287
346.08200183565344
150.82733759767163
550.677320900528
214.05217013783036
732.3664160911593
174.94811763946507
452.60304152524543
564.9848823080785
473.9669646269632
271.34833937718867
209.0324177923257
666.8484094798522
188.7984569874709
324.4505932514297
571.1679241001997
642.1081313369459
227.84240871075315
502.86744597810826
569.7614800238196
322.1441224820226
109.13573741855419
115.21142843610585
286.8341662837712
383.8049678164177
179.64004726106296
766.339673776085
83.66937683315588
153.00303593388696
190.49345290180744
483.50234330772076
324.9510485994865
591.6139955544342
293.38990955323015
274.1147711054202
349.045899051208
164.48864526388755
86.07829755864438
243.08737913957796
491.1885185333799
252.21912234154854
363.2758114585445
628.5923807696141
501.58247738942674
291.99642921240024
348.15550651072573
525.93315510174
110.17380018193343
415.6572708638662
202.54147413826664
217.65380958580855
272.95882074738114
660.3292059089387
384.691116418534
707.9648550612437
325.80305343635973
334.22618711298713
246.12909975337882
263.11576248138937
161.56648852488203
226.4333732302163
434.3397455573746
190.08974034178593
684.1937406923881
652.8613550313298
503.9905142949874
361.8663134968032
532.1879850522705
557.4055264544007
361.72650958679117
478.42312368678114
150.61660046065472
409.9025702598756
272.67717661068406
349.8554991192946
451.42173878040217
83.73922470838154
221.87724022845572
459.37157923519874
248.1608587162394
77.25799551400962
295.7106845423159
390.89287549604614
732.4391868240554
41.65712452478754
85.75381254671292
520.4706880312
215.3219018028096
167.86873724460938
288.09504377459865
626.843350468202
589.3054464870987
365.85574919882447
768.2895546595521
697.2443271624716
380.6290283647329
239.15866700459992
237.1127188483988
286.1351060980534
334.8679650594267
332.8042031945366
440.4429514629092
450.6286127871659
115.02489591529448
322.25238098282193
645.6135873797203
772.1451264601868
421.5626653343857
329.63379668235706
236.73546850632977
210.41570841473333
212.49354538666987
378.7944054812526
185.7232586317887
161.58843999223424
337.6046161162895
444.8015611914583
701.2428819200114
216.60474001495504
619.7958681978632
495.00185331259456
524.787614527921
279.43178417214295
96.73151711839687
276.3225164596744
596.1613119029458
436.7110926089194
454.8538641310841
99.0055518332898
559.3157938679933
294.1257600925182
548.0718529206742
259.40309741470224
617.2089363457615
123.7263607591812
144.98389428544976
363.9542278708424
253.60597375434062
149.6904929864399
279.2611635110026
606.982358006277
118.08581096531377
412.11178034260564
806.0039854672466
414.1905128548529
575.4735680985464
119.2418672663153
648.7301449632821
469.77910613207854
395.1779409519577
321.50325537472094
235.27926161478572
235.1821573275433
240.178493105837
510.1836456608132
449.0230881411748
219.01047077236606
522.0513444928363
381.7421556408817
272.4777188311792
132.1675724155152
640.3358362174413
249.3628453993655
705.6368089982137
296.2848058029619
149.392634466733
242.2809048746097
470.2064336338391
216.8416792563988
495.42260157127856
145.17204459373912
175.09469755064808
327.0655314932006
194.71810544123454
321.4812976464477
115.53060537150596
232.28316309766552
306.22903694896127
490.0709590367844
333.2272822209808
549.8114197311936
562.5488288486969
363.9400993698684
482.96843121433795
241.14635957627954
410.2244071021705
255.82718076410566
281.5676813830524
230.90523055884302
148.3585948142059
372.42785414403255
781.3556713559844
292.30539721208953
223.67438771588428
189.94838828832906
560.7980225041767
448.40129450808865
105.71243237561545
575.3418439946513
407.30104491884254
218.34799281549886
314.8201321328438
496.5656774873645
618.4581533841185
433.3659593322454
514.024863688345
145.037212802794
566.879376584465
576.4880556711963
363.0327825476943
157.7854556379904
343.8603810457527
264.27324252961546
633.0813270217269
321.84841021969737
269.46915983281013
63.824963995308224
207.96587651662384
119.30477397023682
200.18706843851004
122.9619498362738
626.2916835726813
227.88759360212669
363.9236764727958
210.53556770349763
266.2438753881989
597.5306943477473
85.8509703570181
605.6002827495653
273.1631969881934
168.41776634697953
144.6214455532183
495.61551791645763
553.4871769204335
401.6075601638826
194.92176008214872
166.70447505371305
601.224370800688
287.1069733981902
244.45685099302764
96.3240326512863
554.6841384539086
102.94886426059112
426.54415998662154
124.31943640467357
537.6790607375797
277.777190706419
644.516903597362
451.87546687530045
437.05359027096154
186.64630750918155
795.6028757118806
756.9278458335825
589.5160161471841
163.15138024613228
556.6171814189796
255.39070597487273
704.685021482931
565.8115117721708
234.3816149208458
138.78421958437312
742.9950708346885
236.26745390096127
445.92639996108926
571.106604338658
300.56468867390987
653.3209250981324
518.8125877185715
326.07318739225417
566.191362929531
487.02019379103103
331.87976828898394
288.0185773000573
657.4777709951469
131.66513463471898
326.0445080609406
280.095617788384
410.7313941603152
637.9592095740232
412.3455023680324
461.5750512217054
184.95706370351783
261.68310792503075
321.76747262012424
520.9045852047196
241.9407184808295
296.24258650822827
120.38769262936627
402.2315459931221
72.82422849352682
70.6712965521241
733.0523733762248
483.4024000035869
400.15963959435516
523.5047395782188
424.8203184225851
66.99361704850965
73.7433747479728
206.21137390815215
142.06415365190372
273.82195770168283
109.72644226702909
234.87204506503198
168.41303519125398
470.54746397061086
354.7158894877768
350.04090282744346
443.73093637554194
287.4645710730861
197.16119644176743
267.00824670871606
395.45540894809733
400.2395212373585
491.39867705027586
448.50046189223707
304.32997629651925
415.64540799513827
194.71679838829746
498.6009418295056
362.952397016408
158.3275597084177
455.7667717466352
310.3951911585607
456.97187001424015
575.945496945716
219.82634296695272
589.0545117843137
411.7618731808613
212.09353342820356
198.24060537517673
556.8173519744993
436.8874754089719
575.5353406253173
478.7072350664941
300.07613812933727
47.47369510880023
225.13068141559592
488.62627836491083
147.33471403847884
171.732141075907
145.93206425519816
360.29783344353376
345.1026427292005
451.44654233067064
521.9226218120542
497.5850256322495
149.3175086345887
231.5650937567014
385.7946841266317
122.40421497737714
136.4777635097882
203.96161226726088
752.181361737399
106.3670654668228
458.81580652339005
431.1649735113761
270.34087238068673
564.1267092739569
194.26923492120557
227.6817942927805
116.17877343990011
632.9383293501845
183.19074815254822
602.4614894559572
664.8606831056034
611.4126208221736
560.6261126331506
210.18065814653346
138.2232140679886
153.41910037654276
761.4886043238618
503.83376639662737
591.9226168304696
156.05771680413827
659.8451147604675
152.9179235108619
572.7015702653165
518.8402820900668
172.59892433996438
195.81029724629695
291.1283865256084
564.2675634016825
275.92531658560677
461.8876672197093
472.96425084190355
286.7808213345747
459.04225692802726
302.68281244582914
248.56728376490975
50.8053971570462
536.3511575330602
392.6703955699081
146.19461833241255
302.3881336270715
316.1488439000079
371.3678214527932
95.38765210713645
153.32884410288813
151.14639092047628
707.0016589083765
237.12952394924474
221.93266428318026
189.51264811538516
521.0219913253169
253.41386889775697
193.6884333393483
336.53861681107776
332.0986635685905
525.813568476939
164.34931916850095
241.92295038826202
40.93112527438787
341.89771456041154
403.48448383139174
157.20936493391014
514.4315662707364
131.11089423885235
541.556432731284
190.31374447529498
240.73880929483124
400.62253696863735
555.0098640362387
498.2717116210188
112.70540090034625
554.2534510070446
334.41793626744993
623.7943314589114
220.17960272593498
131.17807559881504
380.041306955995
278.6151870914115
335.7931615212119
772.0832546175088
422.074693354945
133.54586557894612
727.5244486020853
261.2178922992774
468.3204056266878
408.8416938743586
392.45804714763125
505.06861242920576
492.222809654117
519.3428741082246
372.25353054969827
168.32872188536044
443.788030831999
525.5399662570321
260.0350012313434
276.4543609152628
265.9349906772303
564.712499158217
408.6931490609242
126.72650502869173
274.04675783344453
100.00512954637789
260.1309074324228
310.7417207050304
348.7813046242137
540.9728990521918
240.41855824131997
270.56936131562713
375.3210140486973
187.76482266787784
213.99338837863542
354.74206358370117
447.5032089687265
462.94827598684157
225.87571012955186
45.30237570757256
509.32915498345375
495.5567914922923
239.06814872048258
368.55877876569326
114.66657379037257
543.7794042281348
506.0228284729157
63.66183677012735
339.0298457764145
466.17103121850846
207.17685587014566
165.41508017978424
248.7434939826047
170.41608111181628
125.55362793758788
664.7633332112903
275.09767184512833
357.5737364742262
336.82454844644735
210.11901759312488
505.36253579482593
55.969615125502095
197.44830709421547
137.80772124740392
105.84929663700817
137.83162038701664
65.53487291467235
564.6120755471334
362.282994742958
707.2306451386775
711.7715534513704
90.92559813017996
334.63530915088796
68.08057721110244
429.58151396139704
412.2533244825077
210.3070391533226
260.5697514891427
106.74945424119132
448.4731907221888
142.14231791877538
384.0914413851573
393.18603177287457
298.2018780680631
518.5079847867081
388.03987790181884
56.297102354939454
496.2681412890889
294.67585005177807
347.3270324857673
325.7102545595984
138.67557388671125
91.3486491311844
329.5729417455166
615.2628406371787
253.07855639739617
576.1895440285588
226.01195028289834
248.15300962838498
387.00176405930915
238.97463295487017
299.5561051072146
491.1816262559358
320.56406991428673
204.64159906794418
358.1189398084036
349.35396199998695
405.1465364552246
210.54331575655766
565.5238199428245
577.8638856176727
173.71334450892806
511.3913778683975
110.30520131279049
190.0419194455648
349.79846161902475
403.2331641648399
489.2243408758526
311.03036939350386
532.748013584201
208.71577385999254
126.76429929612779
422.4755796274024
160.1352393965949
93.74855382398684
436.54182414563763
389.0657065815291
212.16570481790228
249.21446137266955
114.58226032026755
638.6304885214878
462.57386947303314
203.96548732145834
343.18641032789014
549.6508334626709
327.33404826011173
293.06821710968467
571.6389936131342
102.58712559557533
216.91717638869284
564.5990720436877
97.07014655852262
292.4897671314581
151.03924680755628
465.22836213408016
474.05092937811156
167.04091065117208
154.1179846989369
308.7115667225107
617.9748939942853
217.37283083578652
120.39701365039281
192.2845597017299
441.49609011220826
143.39783466222724
919.6754236113279
372.85203697511156
215.7534239373324
422.49282539467663
197.96675858793995
99.8774527935866
346.83939392842757
131.4402452911573
416.2418602586542
122.19596027344573
411.9872550234233
233.45373338851087
153.09708421790785
558.7188366636415
265.6132461500184
252.24902077808363
371.1879445938114
432.61699909630585
168.9066818093137
142.53105520637592
210.3199812094709
151.07704266630128
156.49315556428104
187.85741246081426
357.939198822525
217.17018858905348
237.3101326058737
131.06592461755076
140.05072535176487
447.79135954782254
192.38560727840616
568.2922689738141
172.22782439652846
172.9548956434198
300.06178318871065
337.94333103271293
700.1430166928104
93.68601789963164
272.02431961592225
710.3572118180663
131.5262220600768
654.5489021803036
64.65066287036886
354.1011750113239
857.6083814815195
519.3177450159731
377.95604809558733
407.5548102420308
363.6142531551024
195.4366263448383
49.517339054910956
128.71049902126452
78.52097543564727
236.92642618581445
134.37334272661732
175.21758976425454
255.62358541406022
77.97658959818429
159.04644334607846
62.26223550295777
212.7968709818535
201.59295157080027
177.04580221571098
148.1464175657468
95.57965091758436
141.60113604430938
555.9603193932904
208.85378861089268
135.66443188307775
117.51537684141248
396.80713855246876
116.09983478447191
126.47093558540595
534.2990218211296
257.6156269459993
91.63437854428712
115.0566279609113
248.10147773187222
264.5507747745327
522.676895047654
410.0860689887412
222.6564273595799
168.4391103087512
486.879484581356
87.7942722584478
96.75037165745275
48.04824378317905
508.7540948672105
144.06454225475426
44.601995846518264
333.9510748244529
136.7277606582029
414.7645143139532
189.17138010140894
467.82877138819157
93.3657677824459
167.67376966104482
605.8378823889517
374.80775377382946
524.0060009031197
50.35175319420718
483.7417779607664
420.99763113633276
308.78926340372186
124.23997575165745
177.82204116377628
440.2639824079525
386.50128525229286
141.30365128752857
435.3314061066321
313.0454646078598
450.2951832679805
378.8367495009633
124.86746913712835
78.50003237428544
516.1117957063245
567.5674600170684
109.05887678142255
153.28250202603803
242.5606406387717
332.2288622420797
506.17129661308604
117.7767809943631
504.1188349783649
168.7007096026303
484.9152098114673
113.93567195686889
378.466996086276
98.0159678835927
178.68266467767128
142.96214972547233
419.7772456475844
252.11965760680593
187.49607563480143
198.72651319071807
202.44712850042256
389.3480805737427
180.98969760008822
273.1462027639518
353.0610781237175
495.9791281755738
44.23828105496158
441.0521475574057
620.463051349771
67.03068141120754
520.6277688632672
506.2775280594477
215.2602542738308
335.8269693001692
344.50717842385683
206.35783989438534
127.19972360726508
154.54173427380047
177.56179745966753
908.9071769559278
171.88491043973426
584.3375968437205
521.266698631119
169.4360940347029
109.25445272369035
135.2802023544651
141.25845922221995
322.19031838597977
221.93796350232114
303.7133400984404
673.8424260212764
575.6505738621047
346.11516840304296
335.213217554902
92.70259243258053
571.4585020590337
163.47619522930498
97.55509448183223
119.33628445237908
114.02925148474176
193.44043125070425
430.77517492471736
323.04742154337316
169.3317881500675
171.10744751021548
288.44167743337766
216.1911268953799
280.4030743427585
177.68770175693777
448.16454406409684
318.4880383181378
109.07648457759274
202.07898529493573
506.6205930162013
556.5983131325015
264.2396571803578
182.98087300594142
91.93440330242032
302.73480372199737
205.66184249796382
65.39637249891432
380.6210162992675
314.9008468592789
579.5502222473789
271.4906139395158
150.74998739828638
338.03335232076375
129.21390847208244
199.57242924923543
260.67169508483437
586.1583458378642
201.01661672293363
261.2763841216422
372.4874752119764
361.7694247039293
197.8784926650365
110.85242714181271
55.722780209864105
180.8222921864104
484.14766551423287
130.29937551826293
392.58910110189373
409.28094969925866
197.78580900300187
292.26731716565166
284.86454114695476
68.52891243686058
294.54523431924406
321.76447750963416
156.3636893638986
163.4538909151855
267.43854344312183
338.10312426678007
86.50344581645733
73.84494719883439
201.4443943395838
77.98295829492046
420.29024636438766
93.25809059078584
388.63634645488156
106.29625600190691
399.6095678582589
171.95587375704753
408.944843239869
87.98288958339772
480.55973902628915
269.03639748589814
514.1743866439829
247.42212478034318
537.8218018091507
115.4680135312865
361.2241162682358
493.6808736434229
366.0323577180346
271.60210565939974
226.4478291092985
104.2786846207564
211.5660993150162
68.76064588871539
663.1726924410393
86.6922320255574
114.30982181890087
449.1653644213702
433.4114098227505
63.11636878436135
384.07888090090734
60.3070176533421
69.65731012513152
344.1282370322992
262.9704540232373
53.699403666671294
163.75890366434263
359.2408109796407
67.35236235792355
82.48011846307772
75.92709910796265
282.93284286744256
331.657883870847
451.7827045754185
110.6009469696567
339.87356156198496
381.5278716687524
238.8160490780667
244.34592731676435
68.89785828726627
70.25198957019754
503.0147271257228
116.91015742174147
134.1114164312766
229.22764984203567
47.47281643086072
268.9438337764355
105.0704554103198
606.349689418836
47.84210278089955
144.90737078693198
340.21778570386255
223.28175023709537
229.70991756794467
341.8236027526981
301.2276532697519
92.50488784977166
531.0440014646412
476.1234815540484
306.5536902282987
793.5196339125168
280.0839585788535
141.19765712183192
114.49031430465818
276.68877347361206
70.6957523777814
368.0932360379834
127.2836718126886
47.74446033457932
160.57180678226163
162.843272671058
160.20437093474087
379.4032705556691
535.7112447028013
168.50208553917574
193.92350028744653
375.761815713365
125.2306374931689
83.59648517795678
102.33347533621141
236.30769503393398
206.22331981548533
345.92368540063876
549.0704327953538
77.55336276221473
455.18246283160033
88.8093168179103
539.2113954749557
115.27194692229331
151.69113608638955
322.808038749136
263.68850004434114
178.7081833573729
436.4692234513046
158.8506534666203
266.64499489114235
48.30814720398099
333.6083019932613
428.78132011373833
105.12617228407524
184.16741424904478
164.6637587524894
361.75851256233534
74.44638200730658
615.1648604135356
394.52833467517837
68.91942915496229
446.1944435138119
129.01369655026113
77.7229433316306
282.7586453616165
123.40769025040613
152.61964686042705
336.91439477758735
257.64874081424034
562.2915958417028
162.4012471980602
51.07154636954939
150.27876739935834
384.5296091720166
132.0592100225571
81.82654379312555
97.2500710359793
92.10845559858308
304.75115865481007
473.7568726933331
52.00272275405425
219.8874292882019
270.6411150363934
202.51645381156771
386.00287293355944
113.792853797038
132.7456811819396
92.58488676520804
114.98471670358406
215.42413714861232
199.91309196335132
85.75822235315134
