0.04
0.04
0.04
0.04
0.040000000000000036
0.040000000000000036
0.040000000000000036
0.040000000000000036
0.040000000000000036
0.040000000000000036
0.040000000000000036
0.040000000000000036
0.040000000000000036
0.040000000000000036
0.040000000000000036
0.040000000000000036
0.040000000000000036
0.040000000000000036
0.040000000000000036
0.040000000000000036
0.040000000000000036
0.040000000000000036
0.040000000000000036
0.040000000000000036
0.040000000000000036
0.040000000000000036
0.040000000000000036
0.040000000000000036
0.040000000000000036
0.040000000000000036
0.040000000000000036
0.040000000000000036
0.040000000000000036
0.040000000000000036
0.040000000000000036
0.040000000000000036
0.040000000000000036
0.040000000000000036
0.040000000000000036
0.040000000000000036
0.040000000000000036
0.040000000000000036
0.040000000000000036
0.040000000000000036
0.040000000000000036
0.040000000000000036
0.040000000000000036
0.040000000000000036
0.040000000000000036
0.040000000000000036
0.040000000000000036
0.040000000000000036
0.040000000000000036
0.040000000000000036
0.040000000000000036
0.040000000000000036
0.040000000000000036
0.040000000000000036
0.040000000000000036
0.040000000000000036
0.040000000000000036
0.040000000000000036
0.040000000000000036
0.040000000000000036
0.040000000000000036
0.040000000000000036
0.040000000000000036
0.040000000000000036
0.040000000000000036
0.040000000000000036
0.040000000000000036
0.040000000000000036
0.040000000000000036
0.040000000000000036
0.040000000000000036
0.040000000000000036
0.040000000000000036
0.040000000000000036
0.040000000000000036
0.040000000000000036
0.040000000000000036
0.040000000000000036
0.040000000000000036
0.040000000000000036
0.040000000000000036
0.040000000000000036
0.040000000000000036
0.040000000000000036
0.040000000000000036
0.040000000000000036
0.040000000000000036
0.040000000000000036
0.040000000000000036
0.040000000000000036
0.040000000000000036
0.040000000000000036
0.040000000000000036
0.040000000000000036
0.040000000000000036
0.040000000000000036
0.040000000000000036
0.040000000000000036
0.040000000000000036
0.040000000000000036
0.040000000000000036
0.040000000000000036
0.040000000000000036
0.040000000000000036
0.040000000000000036
0.040000000000000036
0.040000000000000036
0.040000000000000036
0.040000000000000036
0.040000000000000036
0.040000000000000036
0.040000000000000036
0.040000000000000036
0.040000000000000036
0.040000000000000036
0.040000000000000036
0.040000000000000036
0.040000000000000036
0.040000000000000036
0.040000000000000036
0.040000000000000036
0.040000000000000036
0.040000000000000036
0.040000000000000036
0.040000000000000036
0.040000000000000036
0.040000000000000036
0.040000000000000036
0.040000000000000036
0.040000000000000036
0.040000000000000036
0.040000000000000036
0.040000000000000036
0.040000000000000036
0.040000000000000036
0.040000000000000036
0.040000000000000036
0.040000000000000036
0.040000000000000036
0.040000000000000036
0.040000000000000036
0.040000000000000036
0.040000000000000036
0.040000000000000036
0.040000000000000036
0.040000000000000036
0.040000000000000036
0.040000000000000036
0.040000000000000036
0.040000000000000036
0.040000000000000036
0.040000000000000036
0.040000000000000036
0.040000000000000036
0.040000000000000036
0.040000000000000036
0.040000000000000036
0.040000000000000036
0.040000000000000036
0.040000000000000036
0.040000000000000036
0.040000000000000036
0.040000000000000036
0.040000000000000036
0.040000000000000036
0.040000000000000036
0.040000000000000036
0.040000000000000036
0.040000000000000036
0.040000000000000036
0.040000000000000036
0.040000000000000036
0.040000000000000036
0.04035251083621283
0.040348226711602875
0.040343661314656165
0.040338694998226954
0.04033359397067682
0.040328170912295125
0.04032316220762633
0.04031799028225369
0.0403126321147087
0.04030707720330162
0.04030174413809973
0.040296210928228327
0.04029022568999219
0.04028451348544215
0.040279048153711416
0.0402738054613323
0.04026829046162117
0.04026216229809809
0.040255843700104155
0.040249423016898156
0.04024258493123911
0.04023531063299135
0.04022737969963841
0.040000000000000036
0.040000000000000036
0.040000000000000036
0.040000000000000036
0.040000000000000036
0.040000000000000036
0.040000000000000036
0.040000000000000036
0.040000000000000036
0.040000000000000036
0.040000000000000036
0.040000000000000036
0.040000000000000036
0.040000000000000036
0.040000000000000036
0.040000000000000036
0.040000000000000036
0.040000000000000036
0.040000000000000036
0.040000000000000036
0.040000000000000036
0.040000000000000036
0.040000000000000036
0.040000000000000036
0.040000000000000036
0.040000000000000036
0.040000000000000036
0.040000000000000036
0.040000000000000036
0.040000000000000036
0.040000000000000036
0.040000000000000036
0.040000000000000036
0.040000000000000036
0.040000000000000036
0.040000000000000036
0.040000000000000036
0.040000000000000036
0.040000000000000036
0.040000000000000036
0.040000000000000036
0.040000000000000036
0.040000000000000036
0.040000000000000036
0.040000000000000036
0.040000000000000036
0.040000000000000036
0.040000000000000036
0.040000000000000036
0.040000000000000036
0.040000000000000036
0.040000000000000036
0.040000000000000036
0.040000000000000036
0.040000000000000036
0.040000000000000036
0.040000000000000036
0.040000000000000036
0.040000000000000036
0.040000000000000036
0.040000000000000036
0.040000000000000036
0.040000000000000036
0.040000000000000036
0.040000000000000036
0.040000000000000036
0.040000000000000036
0.040000000000000036
0.040000000000000036
0.040000000000000036
0.040000000000000036
0.040000000000000036
0.040000000000000036
0.040000000000000036
0.040000000000000036
0.040000000000000036
0.040000000000000036
0.040000000000000036
0.040000000000000036
0.040000000000000036
0.040000000000000036
0.040000000000000036
0.040000000000000036
0.040000000000000036
0.040000000000000036
0.040000000000000036
0.040000000000000036
0.040000000000000036
0.040000000000000036
0.040000000000000036
0.040000000000000036
0.040000000000000036
0.040000000000000036
0.040000000000000036
0.040000000000000036
0.040000000000000036
0.040000000000000036
0.040000000000000036
0.040000000000000036
0.040000000000000036
0.040000000000000036
0.040000000000000036
0.040000000000000036
0.040000000000000036
0.040000000000000036
0.040000000000000036
0.040000000000000036
0.040000000000000036
0.040000000000000036
0.040183972818430336
0.040183999502704015
0.0401840261947195
0.04018404526518693
0.04018406052440682
0.04018407960199011
0.04018409486690455
0.040184110134350526
0.0401841330402688
0.04018416740983466
0.04018419415059116
0.04018421707742115
0.04018424765540707
0.04018428589216794
0.04018432031882435
0.040184358585753754
0.040184396868575556
0.0401844313367119
0.04018447348193721
0.04018450031165588
0.04018452331476996
0.04018455399451315
0.04018458852142115
0.040000000000000036
0.040184649934499106
0.040184680656365046
0.04018470754638481
0.0401847382874263
0.040184776728120264
0.04018480749219577
0.04018484596169869
0.04018486905108887
0.04018488444722057
0.040184907546227056
0.0401849422055609
0.040184988438222824
0.040185030838473024
0.04018508097292561
0.040185127275001564
0.040185177461734334
0.04018523926738693
0.04018530884808014
0.04018539783284969
0.04018549852729225
0.040185599331173716
0.04018569636135516
0.04018578571876885
0.040000000000000036
0.040000000000000036
0.040000000000000036
0.040000000000000036
0.040000000000000036
0.040000000000000036
0.040000000000000036
0.040000000000000036
0.040000000000000036
0.040000000000000036
0.040000000000000036
0.040000000000000036
0.040000000000000036
0.040000000000000036
0.040000000000000036
0.040000000000000036
0.040000000000000036
0.040000000000000036
0.040000000000000036
0.040000000000000036
0.040000000000000036
0.040000000000000036
0.040000000000000036
0.040000000000000036
0.040000000000000036
0.04056591749160887
0.040566362650679144
0.04056689294150195
0.04056746048651649
0.040568077620215526
0.04056874466268168
0.04056958371640551
0.04057091423428072
0.04057252154477675
0.04057444743935301
0.04057661089586806
0.04057889132749537
0.040581468951216726
0.04058426177734886
0.04058730158730173
0.04059053023585757
0.04059396668970594
0.040597496972143876
0.040601300108342286
0.040605069501226554
0.040608747315022065
0.04061224489795934
0.040615740205708795
0.040000000000000036
0.04020669428797552
0.04020769986434014
0.04020871527288117
0.04020966142513105
0.04021057124564287
0.04021126760563387
0.04021190788688722
0.040212526625660994
0.04021315922129687
0.04021381618550013
0.04021447203168771
0.04021516840319839
0.040649819494584793
0.04065175906444196
0.040654031228518184
0.040656254618909315
0.04065836298932379
0.04066063236205841
0.040662917433932355
0.04066520175789057
0.04066748515446883
0.040669716928955824
0.04067177728464788
0.04044853015456118
0.041360016336532635
0.041364090222483885
0.041368293998305106
0.04137266520675009
0.041376850918676045
0.04138095484941173
0.041384975305432725
0.04138880200187667
0.04139279552465114
0.041397031831768905
0.04140110973781774
0.04093343494599644
0.041172896579051654
0.04117668884000758
0.04118066266021403
0.04118428422821485
0.04118799165195064
0.04119191431102509
0.04119637852985569
0.041200778883600186
0.04120504817478632
0.04120938087326009
0.04121354579495451
0.04024156692056602
0.04048548466458901
0.04048666867618467
0.040488072991096136
0.0404894449650004
0.04049082467388909
0.04049199401628911
0.040493182638638325
0.040494363256785126
0.04049546659227232
0.040496547096485536
0.04049761838049881
0.04024887194865623
0.04100401379388319
0.041006460387623456
0.04100883296884317
0.04101113040507842
0.041013409415121105
0.04101552448752033
0.0410175900991232
0.04101945927329087
0.0410211591536338
0.04102274690469332
0.0410243396008767
0.04076781185151024
0.04154735283013378
0.0415496480716655
0.04155181452787304
0.041554077703885195
0.04155643842019163
0.04155889753642694
0.041561501714486804
0.04156406869220608
0.041566874485354566
0.041569459172852596
0.041572006018941954
0.040782218046216734
0.04292192641340131
0.04292656619828028
0.04293051722068886
0.0429344789257069
0.042938981826934786
0.04294394213381558
0.04294883018867912
0.04295346657394261
0.042958386334726706
0.04296323261740098
0.042967734094913945
0.042147586081804134
0.04242483085045046
0.042428736400656586
0.04243265455209566
0.0424359912216532
0.042438890414721264
0.04244172191500417
0.04244478433771803
0.0424477794793261
0.04245063166932406
0.04245401787085079
0.04245703569342396
0.04026857816895002
0.04135642929154071
0.04135813042946279
0.041359752549535944
0.04136171256823906
0.04136413911761072
0.041366364056008686
0.04136863845134231
0.04137083577757883
0.041372827901799525
0.04137491097141788
0.04137695766785554
0.04110074684681897
0.04138137016987131
0.04138386734821076
0.04138615716025096
0.04138784696174058
0.04138997589456217
0.04139228598306688
0.041394735188791776
0.04139723699531106
0.0414000126127263
0.04140275496019208
0.04140524116976829
0.04027890323188532
0.04055986381690935
0.040560588365266215
0.040561492254189035
0.0405622210263068
0.0405628268103313
0.040563505409779044
0.040564078132444115
0.04056449049647193
0.040564957373711685
0.04056547903333674
0.040565983619618384
0.04028262253341808
0.041427836377669225
0.041429077215230814
0.04143032021132664
0.041431934724416974
0.04143364546335171
0.04143573160873082
0.041438196423944085
0.04144043602387737
0.04144287014168735
0.041445594842742794
0.04144795199582574
0.04115745568300322
0.04174763013743554
0.04175124901393645
0.04175447839831414
0.04175731389557713
0.04176021672338037
0.0417622544155587
0.041764121581352454
0.041765466052553046
0.041766753987465766
0.041768102475608915
0.0417692767483564
0.040584556645382186
0.041771276595744755
0.041772160319308194
0.04177339901477839
0.04177446213281821
0.041775881607892806
0.04177759983985596
0.041779618557734155
0.04178158229117912
0.04178331157746773
0.04178492462311545
0.04178678024078608
0.04118720545472776
0.041489882889835794
0.04149223633797128
0.04149459723297544
0.04149711703813597
0.041499645354139414
0.04150228387751653
0.04150503372767034
0.04150784486857306
0.04151092356904651
0.04151344718273853
0.04151530664482439
0.04030042628053332
0.04030057881731719
0.04030074169404285
0.04030096593797672
0.04030127226463098
0.04030156897371473
0.040301886792452946
0.0403022875816994
0.04030268943654769
0.04030314409585922
0.04030364164814504
0.04030420335034779
0.040000000000000036
0.040305616740087924
0.040306259699948166
0.04030682053762713
0.04030737279335428
0.0403078950105753
0.04030839758282978
0.040308891053290496
0.040309386105497946
0.04030987193355906
0.0403104677994548
0.040311065961397
0.0403116664326828
0.04062614581864343
0.04062736232293607
0.040628583563389276
0.04062983190297187
0.040630995523342595
0.04063214095034717
0.040633042238460204
0.040633991361153754
0.04063455766757196
0.04063496603503758
0.04063535219833292
0.04031707491251901
0.040636262673306334
0.040636741718055536
0.04063713004484293
0.04063749596180788
0.04063790812111634
0.04063861920172607
0.040639216815433254
0.040639976937767885
0.04064078510607594
0.04064145627912019
0.040642012796876736
0.040320450362671956
0.040320704973094035
0.040321029608473946
0.040321447963800994
0.04032190241426825
0.04032214765100672
0.04032244008714603
0.04032261580381458
0.04032282691678479
0.04032303830623163
0.040323332362365294
0.04032370953630804
0.040000000000000036
0.040324490243367705
0.04032482259126491
0.04032508419973646
0.040325405841181494
0.04032572811972712
0.04032618277990019
0.040326554628029365
0.04032689122032029
0.04032705977680373
0.040327216449259184
0.040327361203273515
0.04032757857459068
0.04065729089563308
0.040657923983107525
0.040658827020810806
0.04065965902759716
0.040660566837759315
0.040661625004656754
0.040662538237707935
0.04066385078308987
0.04066469553501251
0.04066566716641695
0.04066661662037396
0.04033293341331734
0.041005852369265794
0.04100741188927537
0.04100916736116367
0.041010507150172515
0.0410120811488488
0.04101423894007472
0.04101621209231365
0.04101877700868117
0.041020963476794625
0.041023395182666844
0.04102560153994239
0.040683155748740374
0.041029485643621744
0.041031119368323266
0.04103291845992785
0.041034844423726735
0.041036858288249656
0.041038880006239564
0.0410409096237252
0.041043151382253784
0.041045156734277555
0.04104688175423443
0.04104844740052749
0.040348098784790176
0.04140712276670766
0.04141019533111012
0.041412719245913276
0.04141530860262188
0.04141813390825244
0.04142074317027333
0.04142301991106123
0.04142513240250367
0.04142730852688259
0.04142977901219669
0.04143248911114705
0.04107328471858529
0.04107497377128566
0.04107688576279411
0.04107858617757798
0.04108033578003978
0.041082222944426317
0.04108433734939765
0.04108654865812866
0.041088813503903365
0.04109104312569101
0.04109314731226932
0.04109494451294693
0.040000000000000036
0.040000000000000036
0.040000000000000036
0.040000000000000036
0.040000000000000036
0.040000000000000036
0.040000000000000036
0.040000000000000036
0.040000000000000036
0.040000000000000036
0.040000000000000036
0.040000000000000036
0.040000000000000036
0.040000000000000036
0.040000000000000036
0.040000000000000036
0.040000000000000036
0.040000000000000036
0.040000000000000036
0.040000000000000036
0.040000000000000036
0.040000000000000036
0.040000000000000036
0.040000000000000036
0.040000000000000036
0.04058867600740301
0.040604835517684235
0.04062000735472626
0.04063329328015208
0.040646022479302824
0.04065849104862118
0.04067090893553993
0.04068290060720714
0.040695037000764156
0.04070733640616231
0.0407201529905481
0.040732781380345084
0.041493788733568016
0.041517879902194466
0.0415458139271212
0.04157225176137014
0.04159701928226389
0.04162091511393329
0.04164397055125302
0.04166577532832427
0.041686613251723736
0.041706367584604775
0.04172831115461206
0.04087323852577396
0.041774091616170406
0.04179348595100607
0.041814345763684146
0.04183767880796374
0.04185962387952635
0.04188001673505348
0.041900454923469166
0.041921216072664524
0.04194356529470933
0.04196227544017561
0.04198109378498094
0.040997200422006275
0.042018609134748974
0.04203519149618873
0.04205052393056752
0.042066287485648335
0.04208165894049287
0.042097104809694086
0.04211256585484646
0.04212610557536256
0.04214080805461817
0.04215231206083714
0.04216439205219835
0.0410848823647163
0.044398205766077226
0.04441764242625812
0.04443896513068535
0.044461113909396444
0.044479731596694716
0.044496823819664355
0.04451313824174519
0.0445289705218368
0.044544123814374004
0.044558703453207116
0.04457383336069132
0.04343176959135775
0.045772765457635645
0.04578866426397443
0.045805477664322414
0.04582539601465019
0.04585083784303845
0.045876801955519575
0.04590309848579133
0.04593320338311413
0.045961850158282136
0.045990149386903934
0.046020125284256475
0.04239797233716658
0.04484383827114846
0.04486432928474038
0.04488517291518712
0.04490037632812882
0.044913988723359166
0.04492613581330285
0.04493437398069511
0.04494097572146294
0.04494782773572714
0.04495524943028273
0.04496762194774684
0.04247508793435473
0.04498715315745816
0.04499210475405069
0.044997423703667216
0.045004423011363315
0.04501120763925481
0.045018477866658024
0.045025473595659005
0.045030538220983685
0.04503469207493205
0.04503444738733897
0.04503505602640967
0.0425037858163706
0.04759810132910225
0.04759807355883017
0.047595692211730434
0.04759247789044041
0.04758888877616507
0.04758622873192242
0.04758496102161769
0.04758319421531221
0.04758000577615995
0.04757786559452848
0.04757291575742739
0.04501769802640054
0.05014582716631377
0.050144946415201286
0.0501465932260845
0.05014983256170957
0.05015540921006045
0.050159175575136716
0.05016618808968598
0.05017598394254885
0.05018756936002511
0.05020074477978098
0.05021178641418267
0.04505375998178285
0.052857684089930634
0.052864812552088525
0.05286811242056233
0.05286794200566147
0.05287136806578485
0.052867842028295975
0.052862235624627774
0.052851160775799766
0.052843640949786996
0.05283518471199877
0.0528287313195277
0.04760808762634894
0.05149589856980419
0.051484806861273213
0.05147655121059813
0.05146898593746019
0.05146022852885013
0.05144670993545031
0.05143376302895164
0.05141450697474648
0.051397892606063866
0.05138050117789228
0.05136288151904034
0.04372231447377306
0.04876848713676418
0.04875827857888315
0.04874542753500699
0.04873350734359083
0.048724946542227254
0.04871507538722142
0.048705661466069694
0.04869488705856795
0.048683577582949056
0.048675806712535685
0.048664741268039435
0.044906383113888504
0.046139978388391345
0.04613105099908488
0.04612059250603817
0.04610973328841794
0.04609940357215114
0.04609126201269542
0.04608176012058163
0.046071376067102765
0.04605857880866493
0.046049080633568495
0.04603864138146796
0.04119328849390147
0.04359224214587054
0.04358765295744926
0.0435832801747702
0.04357933244748713
0.04357463384491678
0.043571118377079054
0.04356889083165161
0.04356790901438479
0.04356603527578451
0.04356557282465534
0.043565260536534645
0.04237111939175997
0.04718767906271748
0.047189771238818956
0.047189529897979865
0.047190746787111104
0.04719006280958826
0.04718730136706317
0.04718232467415939
0.04717748801125432
0.04716990867578019
0.047161411904397044
0.04715118429272591
0.044735130974493
0.047124472247696225
0.04711143186739042
0.047094787442539365
0.047078962600704655
0.04706249340280855
0.0470453536029769
0.0470284488186834
0.047011250792075465
0.046993627548035155
0.046975199309262416
0.04695760763136292
0.042290250935088425
0.04809399810501236
0.04807333837508265
0.0480508411929057
0.048029779096218084
0.04800721102200889
0.04798357928192254
0.04795820640121318
0.04793156718915448
0.04790244824919476
0.04787411738306924
0.04784442925767762
0.045555362984666115
0.05005825639086514
0.05001871550529269
0.049975574807770595
0.04993570508969514
0.04989948524380616
0.04986276471647022
0.04982550123355378
0.04979005716749185
0.04975237457055859
0.049714789013756144
0.04967456728510844
0.044231688580543826
0.04635376142356429
0.04633020290718548
0.046305694289948685
0.04627869241420024
0.04625331747652117
0.04622848811187352
0.0462038798611748
0.04617921615768106
0.04615687381740208
0.046136545536676454
0.046115163511724955
0.04201217727564455
0.0440297428809564
0.044015266802647
0.044000557191052
0.043985473409811515
0.04397022154424901
0.043954709747468845
0.04393924425521889
0.04392234688402241
0.04390474066876093
0.04388846488313969
0.043871818584631184
0.041918572874366955
0.043838814391208736
0.04382241824094257
0.04380597235317407
0.04379092818932473
0.04377713395328531
0.04376318605253515
0.04375049409724463
0.04373756179673727
0.04372408413900608
0.04371113541704785
0.043698632653267344
0.041834332504919525
0.04367345221575358
0.04366309182592287
0.04365232774132566
0.04364166079840848
0.043631646275067215
0.04362120749258347
0.04361159305068929
0.043601303541152436
0.04359134001417897
0.04358134818477599
0.04357278237555695
0.041773344314917304
0.04445059347690283
0.044437278659464896
0.04442346376513506
0.0444098559255004
0.044395450285163784
0.04438052235461032
0.04436663796407059
0.04435132502188588
0.044337035582797224
0.04432181028795967
0.04430740264897737
0.04256332247445238
0.04427515667691995
0.04425929266625528
0.044242838112202865
0.0442279060398989
0.044214073969838674
0.044199010749619294
0.044185724356385236
0.04417077236553624
0.04415593663803263
0.04414165578116691
0.044128949060264766
0.041635975178917706
0.043276697028880706
0.0432679485346501
0.04325803279625884
0.043246782232851944
0.043236663978535095
0.04322538749450655
0.04321548357104321
0.043205271237067855
0.04319565562719596
0.04318588886882435
0.04317569022879386
0.04157598582927857
0.042361474106377806
0.042354834854984924
0.042348895423807376
0.042343143892735746
0.04233829040091375
0.04233343970751524
0.04232885844800749
0.042323565270842245
0.04231819900699052
0.042313225321620296
0.04230839849530321
0.04076455244653476
0.04152897466523697
0.041525728146127205
0.041522481630005936
0.04151917676654748
0.04151583993501862
0.04151276198099918
0.04150983015910392
0.041506738592919534
0.04150380244042351
0.04150092811247119
0.04149813590270335
0.040746029239115966
0.045279257344711166
0.04526917529099905
0.04525876185578781
0.04524828341426823
0.04523602473800281
0.045224206684835844
0.04521314637407414
0.04520238722271874
0.04519199475470126
0.04518100027338123
0.045171156811829594
0.04441431191712897
0.04664991965301035
0.04663510811956639
0.046620616338185705
0.04660776768660169
0.04659365897311929
0.04657815328751025
0.04656205148565484
0.046545393908526744
0.046528627023940006
0.04651083579349513
0.04649478017448194
0.042133249127150885
0.045739038930803
0.04572990829233259
0.0457222958232506
0.045715045405301025
0.04571056276287844
0.04570562237277409
0.0457009888738662
0.04569867676781958
0.045696795374591925
0.04569380252996491
0.0456901536266483
0.0435311144895667
0.04933201234112583
0.049322806232175775
0.04931478676669854
0.04930503235789918
0.049295300485093785
0.04929041134277279
0.049285852415079656
0.049282468760725395
0.04928105636032032
0.049276806963201025
0.04927376686471452
0.04564436083713996
0.04780778320478585
0.047805494891136835
0.04780482491957594
0.04780607063078102
0.047801688883529536
0.04779736150835667
0.04779220124249517
0.04778933820468656
0.04778977546323704
0.04779082323654804
0.047790859881386094
0.04208996665682396
0.0456336787700482
0.04563567489189868
0.04563776482383175
0.04564030662185714
0.045642696990515264
0.04564414178077403
0.045643147123601846
0.04564092466246761
0.04563795634166645
0.04563592033525432
0.04563375241460221
0.04349844893929977
0.04707277478701144
0.04707065867166427
0.04707225857326991
0.04707337718605786
0.0470751119845223
0.04707669543688886
0.04707983937590732
0.047084255619004534
0.04708752621232759
0.04709070356935774
0.047092579182800964
0.043508728227681814
0.04855273719810893
0.048555262088719964
0.048556286415750494
0.04856192277504445
0.04857112067553082
0.04857608181428885
0.04858180199418549
0.04859224183540012
0.048602933274048965
0.04861540274063447
0.048628490699928584
0.04498597847642882
0.047914410682385444
0.04792944686455414
0.047942905825304694
0.04795452696331726
0.047968415111196094
0.04798227807004607
0.04799254566786426
0.048005868417430486
0.04801823713475395
0.048027794696829496
0.04803600989454493
0.042881689425998015
0.048049805385209865
0.04805422203052756
0.048059876333538476
0.048067666835473144
0.04807460030772015
0.0480813955251973
0.048085714178318195
0.048091004611330535
0.04810020310239427
0.04811176752356827
0.04812403279015709
0.04513377290698517
0.055111633595026355
0.05513417379501928
0.05515143294035374
0.05516918632634016
0.05518927930748063
0.0552096830173785
0.05522749520725556
0.055242096471165736
0.05525191568480925
0.05525924566069573
0.05526842556357425
0.04977832942974558
0.054483147871274396
0.05449291555965807
0.05450021915137393
0.054509898032860216
0.05451720124461934
0.05452703688431981
0.054536426229502055
0.05455240650647264
0.054568103306444016
0.05458496605193042
0.0546060479225825
0.04449301068299483
0.051463079443581305
0.051479275087286336
0.05149655853999491
0.05151740920811254
0.05153837998353783
0.05155843289036621
0.051580650856468235
0.05160506879186988
0.0516304324162411
0.05165479150907348
0.05168122098372363
0.04693732225348635
0.057474259517064974
0.05750580391605187
0.05753600207042986
0.057569099402020596
0.05760730472322195
0.05764091716219011
0.0576672621975487
0.05769206801619764
0.05771358256405468
0.05773332541656129
0.05775602175412664
0.05030984301843322
0.05197144030591372
0.051994841083537136
0.052017139008587954
0.052037776898751664
0.05205866203795084
0.052081211350527123
0.05210387766029956
0.05212810904268972
0.05215444855081963
0.05217622005323319
0.052197825477762416
0.041584859849059574
0.044801800252404655
0.04480958573812943
0.04481842773863964
0.04482634583589706
0.04483501713180327
0.044843367697432024
0.0448525390055341
0.0448591539884049
0.04486658380021491
0.04487331639016756
0.04487989663598313
0.04324455858575127
0.045720167541386525
0.04572472778085368
0.045730562624938687
0.04573607636576016
0.04574185686587717
0.045747426853944395
0.04575457369651126
0.04576044658977185
0.045767866298631166
0.04577605034158916
0.045783287012439056
0.042461176915952636
0.04748756283957545
0.04749810470761351
0.047508901508947377
0.0475193045119251
0.04752823970278386
0.047537346362427124
0.0475453678864628
0.04755246122070278
0.047559015259755144
0.04756773592821295
0.047576648616619144
0.04502501124067804
0.05106021169366981
0.051069841525722914
0.051078765486290534
0.05108789393784585
0.05109841707529528
0.05111523573587262
0.05112804599280252
0.051140625965076625
0.051149590434304004
0.05116051392113996
0.051171081278017505
0.04594659843487858
0.049437796945522194
0.04945158503252056
0.04946450661790136
0.04947721205723132
0.049488529364085876
0.049504677580959555
0.049520758555144484
0.049538661465154954
0.04955469990669559
0.0495730862546655
0.049589026949059756
0.04344053726476438
0.04519047930401188
0.0451990564548328
0.04520723782787228
0.04521562029116888
0.04522219152008433
0.04522969319737058
0.04523802906797347
0.045246332525103794
0.04525519947676826
0.04526438740224226
0.04527314479677713
0.04174663660232425
0.04440459690513188
0.04441410286269254
0.04442287063595374
0.04443217018091228
0.04444163566739401
0.04444966365453662
0.04445748297306551
0.04446481378799816
0.04447227990274816
0.044480193280575175
0.044486681104802805
0.0426840559337851
0.05002584236874874
0.05004092587880593
0.05005454705853318
0.05006603761716444
0.05007906644911375
0.05009281090431994
0.0500999601583596
0.05010784109815436
0.05011288958729354
0.05011603594591518
0.05011950058201964
0.04731682381116742
0.05682954908791671
0.056838730356191025
0.05685073274683172
0.05686665770505317
0.056888319545492116
0.05691530886308627
0.05693913102350634
0.05696917436005022
0.056998669468718344
0.05703030988592128
0.05705930919843483
0.04933176782148707
0.05223314914936594
0.052252719013845095
0.052270774470966286
0.052284927500898526
0.05230079708069724
0.052317860404391014
0.05232970365758449
0.05234075270428851
0.05234864188505273
0.05235465758616775
0.05235656462684113
0.042791094737401725
0.046568996751626957
0.04656810321785754
0.04656838832246257
0.046569061270719914
0.04656911277410858
0.04657347561507885
0.04657678770984952
0.04657824293925206
0.04657452162180342
0.04657348044600562
0.046572491438473085
0.04373079392044743
0.04561606647325411
0.04561189909590402
0.04560689949767993
0.045603647577712625
0.04559904365965184
0.04559480426459661
0.04559125780549156
0.04559184410454531
0.04558812504525278
0.04558451106597472
0.045581325540381634
0.041844947235608165
0.04184415816525555
0.04184327164966217
0.041841917836485054
0.04184094202765709
0.04183995610400393
0.04183894416153522
0.04183819173548464
0.041838210429240075
0.04183811817609184
0.04183817750912544
0.04183780093177836
0.040000000000000036
0.04091733127394903
0.04091764669097109
0.04091775705917833
0.04091810634067872
0.04091855264622235
0.04091890321850977
0.040918927367263436
0.04091900656768721
0.04091907289770824
0.04091926989949579
0.04091950444013581
0.04091971028919472
0.041843274939241004
0.04184336497986796
0.04184311901266935
0.04184330665240932
0.0418437922219288
0.041845792245282176
0.04184755682129704
0.041849089323978905
0.041850898230133105
0.041852669291746025
0.04185406430628125
0.040925786875743775
0.04847316975278426
0.04847982903954895
0.048484815195097175
0.04848666567151816
0.04848489805922207
0.04848454733196306
0.0484848534567246
0.04848463273259207
0.04848074637364874
0.04847995730487664
0.048480126224200504
0.04752151024896056
0.048475922500909485
0.04847312379693314
0.04847381837125608
0.04847343534339443
0.0484711597715739
0.04846908098326996
0.048462462945187745
0.04845790720301135
0.048451750195149135
0.048445893747024016
0.04844031531452808
0.04092216667799509
0.04092187593667185
0.04092125440859107
0.04092073203664848
0.04092030496503751
0.04091985459922842
0.040919698673807625
0.040918960974549945
0.04091785395462755
0.040916624238282795
0.040915465850163146
0.04091425500846735
0.040000000000000036
0.04366968512656855
0.0436658980477993
0.043661473398253214
0.04365743226770924
0.04365304183267993
0.043652256758176744
0.0436533347556467
0.04365414490427977
0.043654398543827355
0.04365456459480943
0.04365507236014965
0.04365311575220687
0.046429652803698485
0.04642808944684851
0.046427508421721386
0.046428247041888415
0.04642538268379859
0.04642283318114471
0.0464200837476938
0.046415254180061316
0.046411022806223556
0.04640790681584561
0.04640787243244193
0.042724272688659415
0.04827640525678634
0.04827798346393686
0.04827718648484347
0.048277597370758096
0.04827705501496138
0.04827812348219451
0.048278665885657546
0.04827596731595607
0.04827299025927467
0.04826634586108325
0.04825768655679208
0.04546461079749253
0.047306631080827
0.047299286105698446
0.04729295319378046
0.04728596614150504
0.04727839040708259
0.04727308047920009
0.04726957812758936
0.0472634820422666
0.04725852748982806
0.04725072909833283
0.04724305724658584
0.04178684661209675
0.042682101566347885
0.04267799904488401
0.042674206859681485
0.04267053987288394
0.042667096833306495
0.042664299317765275
0.04266212072187381
0.04265920158780245
0.042657420687203906
0.04265599065559411
0.042655442184267756
0.040881593797874816
0.04088160454630452
0.04088173061766187
0.04088189750206106
0.040882244520596966
0.040882635345883545
0.04088282048798697
0.040883159706789574
0.04088315859029201
0.040882787831216794
0.04088216276107626
0.040881553706851426
0.040000000000000036
0.04265028669423687
0.042646512693277794
0.04264292923579727
0.04263912755255839
0.04263547609033824
0.04263211540451661
0.04262906764820262
0.04262640906355197
0.04262391078883265
0.04262125987631071
0.042618656477712236
0.04261656356069743
0.04884076211642907
0.04883515677098793
0.04882791389526253
0.04882120431467318
0.04881334039573626
0.048808986085988826
0.04880428807359061
0.04879649660820351
0.04878817882400921
0.048781277369737586
0.04877596133222495
0.04610235156459641
0.046098435110976554
0.046094938164242594
0.04609197996800707
0.04609096383432387
0.04608963405594757
0.04609051503434802
0.04609096609609531
0.04609056271376688
0.04608841637998262
0.04608454983775956
0.04608131462510889
0.040000000000000036
0.04258265825351337
0.04258053250135041
0.04257781465014565
0.0425744393471672
0.042570978052463015
0.0425680485458082
0.04256551769478212
0.042562825199294885
0.04256045928021446
0.042557529476852984
0.042554356314305375
0.042550956466151035
0.04599366924184989
0.045987264975181796
0.04598218108770569
0.04597736997268553
0.0459730520809325
0.04596889587176611
0.04596432431964903
0.04595845554290312
0.04595311487035669
0.045947112045172434
0.045940818587127286
0.04337078880674694
0.04507178551007973
0.045066696132285644
0.045060895229567466
0.04505551407718
0.04505000594910413
0.04504595194158867
0.04504120621788488
0.04503584479839051
0.04503128621367991
0.04502734687606447
0.04502453951792762
0.04166055870335983
0.04333194817638941
0.04333054344082887
0.04332937000555859
0.04332856365270388
0.043327892087889674
0.04332747795272285
0.0433266462101074
0.043326139334128655
0.04332507395716867
0.04332345275007787
0.0433214028414437
0.041652918053919574
0.04499272627554718
0.04498827043247977
0.044983436198403615
0.04497835772754155
0.04497431444116007
0.044970721608737385
0.04496623652903642
0.044961246068311755
0.04495516130216193
0.04494899773689953
0.04494335431508789
0.043279204136805305
0.04327572116260803
0.04327221679954496
0.043268304218642584
0.043265040859051584
0.04326175561965884
0.043258999720314106
0.04325570815682278
0.04325231556649212
0.043249576603232365
0.04324688356126294
0.0432437268226149
0.040000000000000036
0.041612083282109635
0.041610241935452486
0.04160805607746543
0.04160585899442082
0.041603514688530074
0.041601834442066776
0.0416002571670262
0.0415985799697689
0.04159700539072042
0.041595714660525474
0.04159434808150153
0.041592749486783376
0.04481059433218171
0.044805336439491805
0.044800748996879136
0.04479668319781638
0.044792977421081126
0.04479006213825243
0.04478716175523645
0.04478287820788829
0.04477876484805021
0.04477415171869126
0.04476986761527968
0.04316488131445051
0.04396066956892297
0.04395693703213244
0.043953822729262404
0.043949534555505654
0.043945745635685096
0.04394216864868783
0.04393935838943075
0.04393525362313322
0.04393157125538316
0.04392836707224079
0.0439256584257981
0.04077873725565384
0.04313151659424852
0.04312927924846388
0.0431277855457779
0.04312579400976846
0.0431230512141938
0.043120467917642236
0.04311787843889525
0.0431154653994148
0.04311235468911412
0.04310886991867102
0.04310522722967525
0.04232172276830948
0.04387971621224507
0.04387526980650036
0.043871476928085684
0.043867965174200885
0.043863865520976875
0.04386000518282218
0.043854916424212576
0.04384929832688189
0.043843813168153556
0.04383763171849875
0.04383177275734118
0.04152195966312666
0.04305150227104226
0.04304674243781381
0.043042466897465825
0.0430375992783989
0.04303245028599556
0.0430278410025986
0.043024166214999715
0.043020738498593225
0.04301781603639854
0.04301410005437556
0.04301014207416576
0.04149736782955338
0.043759405325309864
0.043753613240802736
0.043748682275918105
0.04374398851525396
0.04373945231292953
0.04373520385027607
0.04373071237011472
0.04372615246996414
0.04372247902588655
0.04371921488683772
0.043715645519626145
0.04221895060775571
0.04370988123988795
0.043707114367703914
0.0437055425041446
0.043704170899558026
0.04370245956154606
0.04370076628661246
0.043699432175158925
0.04369766287674404
0.04369592990194038
0.043694356382143695
0.0436935176788833
0.041468273790479016
0.042947019567545874
0.04294562515794165
0.04294390769245071
0.04294203293953647
0.04294019899616086
0.04293872891800432
0.04293713138170041
0.04293485322494517
0.04293241821229099
0.04292982455840555
0.04292777305204298
0.041457044954520406
0.04440017152909892
0.0443965888953568
0.04439348213905303
0.04438999765257612
0.04438579024505662
0.0443824316522079
0.04437891377610992
0.04437555741844723
0.044372453068373785
0.044368719301840276
0.044365235126110125
0.04289740561154409
0.04289531792511059
0.04289230851756143
0.042889979514016074
0.042886377618486016
0.0428826712116086
0.042879502032222794
0.04287519402780848
0.042869837181135795
0.04286540246458537
0.0428611484047563
0.042856518899503815
0.040000000000000036
0.040000000000000036
0.040000000000000036
0.040000000000000036
0.040000000000000036
0.040000000000000036
0.040000000000000036
0.040000000000000036
0.040000000000000036
0.040000000000000036
0.040000000000000036
0.040000000000000036
0.040000000000000036
0.040000000000000036
0.040000000000000036
0.040000000000000036
0.040000000000000036
0.040000000000000036
0.040000000000000036
0.040000000000000036
0.040000000000000036
0.040000000000000036
0.040000000000000036
0.040000000000000036
0.040000000000000036
0.04205900573554544
0.042056030582691584
0.042052792528860516
0.042049619273961
0.042045991113474734
0.04204225405603257
0.04203861260387365
0.042034990049730325
0.0420309627863904
0.042027117040818185
0.04202395366025624
0.04202096228314134
0.04337685646759404
0.043373101793870106
0.043369355796349485
0.0433659421032182
0.04336238445640528
0.04335916765578318
0.0433570593124033
0.043354819423395696
0.04335237407014403
0.0433493675036114
0.04334637863113566
0.04132954340464878
0.04132840839645113
0.04132740426476156
0.04132663148021698
0.04132577227702927
0.04132454368821725
0.041323468467722835
0.041322412552244
0.041321385433594315
0.041320580434049514
0.04131970087790693
0.04131899459236865
0.040000000000000036
0.04065712836788005
0.04065621212687187
0.04065542245511122
0.04065488475876666
0.040654294075093356
0.04065393882524826
0.04065366806571369
0.0406530843877122
0.04065240693167205
0.040651632835050355
0.04065088830167274
0.04065022376173366
0.041956368843087066
0.041953620720460494
0.04195064950620897
0.0419471549880881
0.04194285907453432
0.041937980963951293
0.04193452863415348
0.04193103686496524
0.04192721615073025
0.04192315148930992
0.041918816385219326
0.041274226220883836
0.04127184590991373
0.041269143091676286
0.04126699591215455
0.0412649324111769
0.04126278780815884
0.04126096430451032
0.04125920092355595
0.0412577813792363
0.041256618256276134
0.041255777764544144
0.04125524248472057
0.040000000000000036
0.040000000000000036
0.040000000000000036
0.040000000000000036
0.040000000000000036
0.040000000000000036
0.040000000000000036
0.040000000000000036
0.040000000000000036
0.040000000000000036
0.040000000000000036
0.040000000000000036
0.040000000000000036
0.04062457172963052
0.04062438279631997
0.040624018694086494
0.04062350150205729
0.040622589434269774
0.04062154162239606
0.04062055178434831
0.04061937197425958
0.04061815982833483
0.04061705404939775
0.040616257868868466
0.04061520102474381
0.04061431001660609
0.04061345644712855
0.04061252875207311
0.04061166068527977
0.04061096610789838
0.04061016351143998
0.04060937767530093
0.040608783465351905
0.040608087632833634
0.04060694828002598
0.04060596135219163
0.040000000000000036
0.0418176707155784
0.041814432177673444
0.04181100319018549
0.041807216341589015
0.04180320664365089
0.04179903972807275
0.041795440864587974
0.04179185107073824
0.04178840092457481
0.04178480624780523
0.04178072246550801
0.04177722003860285
0.042968709517628545
0.04296357840082088
0.0429584365768958
0.04295486089518041
0.042952702464535086
0.042950288027318706
0.04294771727740532
0.042945169644069914
0.042941768349987974
0.042940368847879995
0.04293740026890469
0.04116528247111617
0.04174871643555145
0.04174653799554795
0.04174335433442389
0.041739737577692226
0.04173596896668319
0.04173286517867192
0.041730288459097986
0.0417289719404077
0.0417278971713031
0.041726449145880196
0.04172621775964602
0.04057249429861476
0.04114670747711435
0.04114575612177207
0.04114485212089769
0.041143724759470146
0.041142265565459635
0.04114039871548347
0.04113870632892125
0.04113710696049422
0.04113589388145256
0.04113520987784014
0.041135074732340016
0.04056593274957199
0.040565772342243456
0.04056554783677635
0.04056532330798435
0.040564813262545796
0.040564272627856335
0.04056355633654629
0.04056298448591189
0.04056258734572693
0.04056175004054996
0.04056091997201894
0.04056023868206604
0.040000000000000036
0.042252577021688165
0.042253029212777404
0.04225592828741931
0.04225978040691336
0.042263943035129925
0.042266030535206944
0.04226838561572421
0.04227209751652494
0.04227602310749412
0.042279325758317166
0.04228199222410378
0.04228747014225376
0.04287134647736712
0.042877331162727295
0.04288316200829545
0.04288865119368457
0.04289613333276132
0.042901938845076426
0.04290934659334944
0.042918079535246845
0.042928435012594246
0.04294102434713998
0.042952322559252076
0.04058750709779879
0.0417765148855318
0.04178218030384295
0.04178754325422074
0.04179384770611527
0.04180087273627797
0.04180661808109232
0.041811563136966656
0.04181622428106424
0.0418202035840034
0.04182239194185522
0.041824690020348276
0.04121546672648435
0.04244607624960883
0.04245192273264298
0.042456610440270603
0.0424616221892864
0.042466479085376596
0.04247120993663178
0.04247781561135189
0.04248404700652775
0.04249229786394193
0.042499215360163545
0.04250640687401552
0.04125179610041618
0.0431611555488991
0.04317094273040789
0.04317982169943413
0.04319061167361782
0.04320161647649945
0.04321125853225394
0.04322221419640937
0.043231963522620376
0.04324245762534806
0.04325267948754452
0.043262069460370034
0.041952582905369296
0.041957836926435954
0.04196372309461838
0.041969367669770996
0.04197649918255908
0.041983319351116766
0.0419899731968838
0.041997873901018945
0.04200634572660089
0.042015032738349056
0.04202419434766291
0.04203458580969266
0.040000000000000036
0.04343660170714614
0.04345165570651077
0.043465752756974396
0.043479705002811286
0.04349401870515335
0.04350626054294815
0.043517736099564885
0.043528485307553266
0.04353956269329107
0.04354892554061429
0.04355963754587666
0.04357158339398204
0.043583956111987954
0.043595497366615055
0.0436063895930876
0.04361492477738138
0.043625288227470804
0.04363799465699403
0.04365155401857712
0.04366461149408618
0.04367806763919835
0.04368800365860048
0.04369890163337087
0.040000000000000036
0.04073693590919181
0.04073919870720921
0.04074132626846061
0.04074326037143039
0.040744685261372426
0.04074610650401467
0.040747483099778936
0.04074906786071919
0.04075092974672612
0.04075236777708535
0.040753875908975834
0.04075532791946879
0.044592105103643975
0.04460173825465663
0.04461168513762148
0.0446215627819353
0.04463100379929852
0.044640634028149107
0.04465178464308428
0.04466576601955552
0.044679506864983454
0.04469172076992134
0.044704674005830336
0.04392104630937976
0.045529299972162596
0.0455438241270163
0.04555729817970944
0.045569242627486295
0.0455789068984882
0.04558731003998795
0.045593408086415765
0.04560226776712839
0.04561431095107804
0.04562508789160935
0.04563497006333139
0.041594119337393654
0.043208083430193334
0.043214606478964024
0.043221610777783415
0.0432290679026186
0.04323573145267745
0.043242762136179946
0.043249552807551384
0.04325560611239032
0.04326178444400375
0.04326969246731949
0.0432785493333907
0.04163603757099765
0.044127585099742905
0.04413665187943128
0.0441446081332002
0.04415324311315083
0.04416213047627271
0.04416989605271793
0.044176609107218434
0.04418591107576253
0.04419395963808226
0.04420212786719069
0.04421064250783768
0.04251971430589352
0.04337411248595857
0.04338263964305189
0.043390777875012665
0.04339900848372458
0.043407782255874494
0.04341629654387158
0.04342336184518558
0.04343166849845437
0.0434389021063144
0.04344574336937934
0.04345334317713423
0.04085939167979502
0.0434676937166345
0.04347488659989596
0.04348217669108956
0.04348967809645066
0.04349751693538062
0.04350473513153208
0.04351126132956895
0.04351732599177138
0.043523896506136195
0.04353027841177193
0.04353624894310748
0.04265227638659175
0.04900008258205357
0.0490191219982985
0.04903551743993395
0.04905196580309101
0.04906886524526599
0.04908513656880209
0.04909805447905402
0.04911018064485484
0.04912192312437913
0.049133790386751475
0.04914381695502046
0.046365482691563153
0.05104886337145431
0.05106111072755004
0.05107106180634591
0.051083493905005106
0.05109767058493064
0.051115064827411016
0.05113118324399846
0.05114864654583795
0.05116299839450478
0.05117514326670847
0.05118527176483112
0.044591273514615226
0.04929390703717229
0.04930269804698373
0.04930917171284199
0.04931474199675279
0.04932258760462638
0.049331564831769814
0.04934227400085511
0.04935757957984288
0.04937435900655229
0.04939069100149451
0.04940776505074229
0.044660410109802706
0.04466979252574488
0.04467939084069794
0.04468926428058784
0.0446990520113455
0.04470797659032466
0.04471587828580592
0.04472094189812026
0.04472492701984443
0.044730388863085
0.044734262162728466
0.04473740331122955
0.040000000000000036
0.04188445952533981
0.04188537931111669
0.04188610879467625
0.0418868030378996
0.041887324727561515
0.04188798055301701
0.0418884646239428
0.04188856118415063
0.04188857518767053
0.04188901019258684
0.04188903601778682
0.04188886220515786
0.0457173204327983
0.04571793390663359
0.04571911011672358
0.04572010104529234
0.04572235931050028
0.04572639634772435
0.045731671685460995
0.04573704504172582
0.045741892643031745
0.045748663256073296
0.04575728589895656
0.04382590741765924
0.048712104731302164
0.04871771739590125
0.048726143751073314
0.04873153466961777
0.04873152715138107
0.048728297966367684
0.04872079584148148
0.04871368254179864
0.04870340929872641
0.048692085176307076
0.048682827899179104
0.04477895307649504
0.04671753068790174
0.04671471295300611
0.046714530882401295
0.04671709228378185
0.04672075300409473
0.046728724710171976
0.04673424274824245
0.046742819164564464
0.04675009219614368
0.046757259504318416
0.04676452604372483
0.04191358929955702
0.04481899605036288
0.044823150535399314
0.0448262171627849
0.04482954953374141
0.044831986365146514
0.044835335039082214
0.044837041780405595
0.04483804816758363
0.0448381984035775
0.04483589305988156
0.044832583906880386
0.042884573580703744
0.046781191399589916
0.04677279036874271
0.04676416486176027
0.04675663911428618
0.04674908201684791
0.04674229870347846
0.04673669342319431
0.04673011894158963
0.04672530737572855
0.04672184864513129
0.04671840126365456
0.04381351272383727
0.0486738974497638
0.048673138713889674
0.048671631619350064
0.04867082307632087
0.04867040085211993
0.04866929920844476
0.04866828920588606
0.04866609232522734
0.048661948368797114
0.048659675530875024
0.048656256019645516
0.04476652694145833
0.04865100630201136
0.04864740029299619
0.048642871722160086
0.04863829045281465
0.04863237667981135
0.048627147031589324
0.0486193761358833
0.04861249309553517
0.04860505532923742
0.04859637139344186
0.048584691402507874
0.04377026494443137
0.04953624335216045
0.04952532225165296
0.04951493365862447
0.049504724173381476
0.04949408038762204
0.049486409087079686
0.049477927315887626
0.049467915693865994
0.04945929125954418
0.049451127774432946
0.049441532100549024
0.04561184303520416
0.05038914240093062
0.05037948839251327
0.05037065124460183
0.050362392660917354
0.05035624179525544
0.050352290053075954
0.05034673922293198
0.050340140196017735
0.050335718748255376
0.05033153265591439
0.050324810779424745
0.04463081821546844
0.04556570807503357
0.045562857808550516
0.04556077122258584
0.0455584512079803
0.045555897361756914
0.045554256230263546
0.045552330422671705
0.045549730696381685
0.04554827892999391
0.04554772640118987
0.04554701872111222
0.04091446897175288
0.0446087438342353
0.0446066914591281
0.04460479730868627
0.044603319519244344
0.04460276875647473
0.04460282241309299
0.04459989124092423
0.04459564797470916
0.04459124304389306
0.04458741183373949
0.04458411984525945
0.043657432719546696
0.0445785842007842
0.04457519967515755
0.04457163801120423
0.04456851687967611
0.04456553970738342
0.044565461088055036
0.04456600289451029
0.04456608439304621
0.044564967052541204
0.04456329310629581
0.044561027765825933
0.040904366981981743
0.04272309391334295
0.04272136936400606
0.04271946335005983
0.04271738404246417
0.04271561266767954
0.04271312992295351
0.042710517348007127
0.042707044027600505
0.04270401565409698
0.04270069248253394
0.04269626522348635
0.04179097252675712
0.04632432368195549
0.046315302055073726
0.04630572781388165
0.04629611919007326
0.04628803662082248
0.046280789684521206
0.046275846990052605
0.04626885089363819
0.04626196822136497
0.04625654145627078
0.046251717486777366
0.04444298195390983
0.04988501869151407
0.04987578531109871
0.04986442842531358
0.049853384780558674
0.049840885873485785
0.04982894948174321
0.04981834743252622
0.049807480910801116
0.04979666972604724
0.04978516414641576
0.04977393541116948
0.04527124751608147
0.04615627150143897
0.04615083055506464
0.046144859092759116
0.04613885384641048
0.04613572212882655
0.04613312990179974
0.04612988254251649
0.04612611401524003
0.04612217198001245
0.04611843680575278
0.04611518933086178
0.04086260950632248
0.043468901912241176
0.043466589171885284
0.043464602729110124
0.0434613684056937
0.043458962591969685
0.043457391166673576
0.04345555060442474
0.04345337723937703
0.04345162838405181
0.04345031459658877
0.04344869893290637
0.042580450938808356
0.04694809105539943
0.04694551181447526
0.04694267511175165
0.04693902560200036
0.046934255720745055
0.04693072401080056
0.04692609301573025
0.04691967268802766
0.046911934625861074
0.04690436623327665
0.0468961216708339
0.04427924350617163
0.047755414194017076
0.047745234492008404
0.04773643123615745
0.04772760747795335
0.04771823608444814
0.04771103516597042
0.04770238885427114
0.04769217157622352
0.04768064838252295
0.04767083589613952
0.04766293057768589
0.043368357296132976
0.048512558160656916
0.04850297413456106
0.04849348800190367
0.04848528955573328
0.04847516799796692
0.04846722346495658
0.048461277618726095
0.04845699571608453
0.04845208220124442
0.048444313512865156
0.048438054148651544
0.045020158000830035
0.04671383816218633
0.04670752128513089
0.04670065708901472
0.04669681098081924
0.046692908179609915
0.04668841286308756
0.0466824148918068
0.046675540911367275
0.046669106102485314
0.04666255111400974
0.04665560784560263
0.04164343603873655
0.04412960980144787
0.044124960398808755
0.044118917719310646
0.044113042898646926
0.04410705298084072
0.04410131903780257
0.04409595788812348
0.044091376643184965
0.04408656018243051
0.04408197899748889
0.044076442087910506
0.042433707580749935
0.04489243286840039
0.04488986724848987
0.04488717463671832
0.04488533242092063
0.044884157301238625
0.04488261572269381
0.04487911356506302
0.04487502797438547
0.0448707344125896
0.04486527024155307
0.04485927684729685
0.0424123285395579
0.04566433550530724
0.045655783983580944
0.045646654653691554
0.045637536982342075
0.045629235518167555
0.045622682875986253
0.045616099971309554
0.04560919463367785
0.04560350530104329
0.04559876582640676
0.04559442112667389
0.04317633640789542
0.04478072034154312
0.044779022997953
0.044776190303035035
0.04477150221986115
0.04476685010801362
0.04476193034811726
0.04475546672550834
0.04474707198775629
0.04473893811263996
0.04473011891595813
0.04472045954463999
0.04155802511392204
0.0415544279010196
0.04155135710363389
0.04154866921721867
0.041546142686341714
0.041543666117720646
0.041541471303150335
0.04153954524108361
0.04153726790318779
0.04153533784310648
0.04153373057668652
0.04153216456737385
0.040000000000000036
0.040763305757837154
0.04076261151947769
0.040761671012863765
0.040760721406010836
0.04075987840905859
0.04075925052480911
0.04075852798186297
0.04075756977467759
0.04075657775974051
0.04075575537800891
0.04075480897898709
0.0407538244222716
0.042267357713809295
0.04226511721974502
0.0422632390979536
0.042261138752519134
0.04225846242381737
0.04225584110788949
0.042253645879613666
0.04225125141646435
0.04224821284266023
0.042245360822014355
0.04224220609788665
0.0414899050527584
0.041487808240725066
0.04148570957273301
0.041483819886096285
0.0414821942381427
0.04148073775313521
0.04147921491169404
0.04147780507093879
0.04147652627490683
0.04147539214213736
0.04147480262867109
0.04147449562808969
0.040000000000000036
0.04147454699603026
0.041474819957367126
0.04147512882568227
0.04147577871074293
0.041476811271991654
0.04147783771419333
0.041478986340758306
0.04147991019472075
0.04148043997725104
0.04148099674877481
0.041481570875945284
0.04148187727763686
0.04372669760294445
0.04372737455873277
0.043727424633044576
0.043726606671033785
0.04372594880887393
0.04372483034374541
0.04372435377126127
0.043723568156760484
0.04372190220185179
0.04371983137876878
0.04371781581295475
0.042220988809057
0.045221612621456186
0.04522024970132055
0.04521864103634066
0.04521597571402447
0.04521378822751254
0.04521052486266486
0.04520738009800329
0.045204225468061354
0.04520125381860862
0.04519871801322295
0.04519754481174565
0.04295184391954132
0.04295170307219465
0.042951674816357865
0.04295175065349821
0.04295215257820728
0.042953311959704976
0.04295514972053227
0.042957570430103065
0.04295981685684769
0.042962039405564756
0.042963404565787844
0.042964513964256046
0.040000000000000036
0.04371533410419759
0.043717050671226554
0.04371855100216604
0.04371916051844038
0.043719431281038945
0.04371817647947229
0.043716664051321574
0.04371429826885653
0.04371254048151729
0.04371156314831448
0.043710702192151674
0.04370970595493895
0.045212916888972554
0.04521146895865269
0.04521057264098327
0.045208762424607585
0.04520808640350338
0.04520784640201647
0.04520848177320924
0.04520809607476339
0.04520674490622745
0.045205132814241544
0.04520445885467783
0.041471906287137594
0.04295444151482952
0.042953433145682895
0.042953480735353766
0.042953850895696144
0.04295433856888198
0.04295442545231731
0.04295496806574639
0.042955422830953216
0.042955404784065454
0.042954995378104543
0.04295520339825032
0.04147175422580007
0.04221156564867301
0.042210672503294244
0.04220962755837876
0.042208523019237276
0.042208093620831555
0.042207618232926514
0.042207106289988916
0.042206488417911636
0.0422055334666791
0.04220495892440823
0.04220480814751104
0.040732031008256175
0.04146684813022894
0.041466770140846876
0.041466617578153286
0.04146619375308669
0.04146592303807406
0.04146552273579984
0.041465612167509214
0.04146580699536173
0.04146585310959039
0.0414656726012268
0.041465503308948604
0.040731180436953895
0.04146514260687906
0.04146526601973144
0.041465134530100034
0.04146457112631152
0.04146395938397962
0.041462987361339465
0.04146234924093006
0.04146195219845383
0.041461939380978974
0.04146212349237843
0.04146241419701524
0.040729740540171644
0.044422709000077276
0.04442413139225865
0.04442618526887365
0.044429038699188794
0.04443228186453463
0.04443501977876152
0.04443691174991726
0.044437379428410084
0.04443810962862549
0.04443974378879756
0.04444171851694256
0.043695076095265684
0.04595042061047616
0.045954154205366304
0.04595711096723276
0.045960760200836503
0.045962934630202845
0.04596384888422467
0.04596491357504773
0.045965520892190304
0.04596472243746286
0.045965677319208975
0.04596584187023711
0.04221462085815042
0.04445395739799163
0.04445198411395124
0.044449787516306793
0.044447681329169875
0.044446020214412574
0.04444519171163197
0.04444468452165795
0.04444432865311576
0.044443509392622094
0.04444265901147526
0.04444126305912777
0.042207081556728365
0.0474591606123802
0.04745714814536561
0.04745601408747535
0.047456355912547155
0.04745533045855588
0.047456345163364055
0.04745887659832193
0.04746128860857124
0.047463176877458935
0.04746717933459399
0.04747007228419475
0.045199976431990585
0.04900944969490717
0.04901427347510401
0.04901804892332806
0.049021620097230434
0.049024373142578126
0.04902599158027865
0.04902819572514683
0.04903338055268458
0.04903947407627185
0.04904689110108151
0.049055274194993004
0.04372357474595345
0.047529609261588
0.04753797497643042
0.047547631673104496
0.047555304501624374
0.04756463621692597
0.047572847801439
0.047580423840253516
0.04758758819664943
0.04759414864122369
0.04760132211613444
0.04760777876437805
0.04376830354804473
0.047617241530718335
0.04762036829727401
0.04762458329380803
0.047627757740424714
0.04763014388913156
0.04763227163208894
0.04763324215963105
0.047635593468041026
0.0476387318961351
0.04764107239456172
0.04764554194898252
0.04378703867299216
0.04765648400115441
0.04766073709895102
0.04766412440154477
0.04766955621944935
0.04767454052434772
0.04768044679819328
0.047687204274089234
0.04769404122895127
0.04770190662986051
0.047710172305548415
0.04771758879440413
0.04382402674838182
0.0446025690393963
0.044607088984188525
0.04461116131460807
0.04461526986741471
0.04461910409174519
0.04462257292119909
0.044625218195358585
0.04462747635451403
0.04462917607416217
0.04463089246968366
0.0446330844698839
0.04076493145529825
0.04308026078289173
0.04308304280978836
0.043086778946319404
0.04309019803252845
0.043092261142612776
0.04309423473144314
0.0430970275928948
0.043100097975381724
0.043103550136571744
0.04310765471058442
0.043111847719281116
0.04233209502916058
0.04708974547808098
0.04709609580209162
0.04710314297521556
0.04711237002016544
0.047123043944135024
0.047133012768710625
0.04714063130061774
0.04714902412971478
0.04715430925885644
0.047159462694430276
0.04716621830962664
0.04475253290353032
0.04556082540981832
0.04556379649450126
0.04556539140027782
0.04556451268159756
0.045563672729695526
0.045564735638879084
0.04556545649512134
0.04556736099480574
0.04556757261280531
0.04556718066854404
0.045566140766087004
0.040785525894310615
0.04316141407946894
0.043162495909743415
0.04316375606893241
0.04316427584154181
0.04316481431610408
0.04316509283296077
0.04316587625894286
0.04316787750720419
0.04316908259737806
0.043170491090468
0.043171707636444845
0.04237526221192334
0.04721491405485789
0.047218252426108664
0.047222709325599466
0.047225903326445495
0.04722976270621082
0.047232260127515024
0.047234213692411764
0.04723532125059804
0.04723744439247324
0.047237867381861864
0.04723610647833487
0.04479524510490518
0.04479554298147681
0.04479593720442043
0.044796281652189185
0.04479556520548722
0.044794548848405835
0.04479272322071015
0.044791855317540374
0.04479026859736379
0.04478929284415045
0.044789469930309966
0.04478901892667553
0.040000000000000036
0.04158369597024225
0.04158359700294012
0.04158369373305004
0.04158351459654397
0.04158340801114435
0.04158348215168162
0.04158386175698148
0.0415842090018923
0.04158448941516557
0.04158501043168217
0.04158558629846554
0.041586352324519016
0.04724643875942314
0.04725349845561877
0.047261602689917304
0.04727089591968303
0.047279081128105194
0.04728497543673571
0.04729065322391701
0.04729693148072878
0.04730140725801224
0.04730523802437436
0.04730706622511649
0.045661081417771365
0.04730957749619047
0.04731075246429506
0.047312321219536546
0.04731424259855643
0.04731744411609751
0.04732250967090268
0.047325171210316874
0.04732547757100902
0.04732472123281961
0.04732683226601986
0.047328378925201475
0.04160582856185702
0.04650474168887886
0.04650556770118319
0.04650477829296795
0.046505330742886875
0.04650428702948961
0.0465036881265628
0.04650468272911601
0.04650532810808383
0.046504879290385714
0.04650311529833684
0.04650140937791902
0.044854327354712176
0.049826038373445014
0.049826848388181855
0.04982445031426863
0.04982359455293328
0.04982659786114807
0.04983082768769176
0.049835313419832605
0.049838305385477844
0.04984533123513901
0.04985263301077891
0.04985959034015153
0.044874534411820655
0.04819910058337329
0.048207535852904826
0.04821614945243269
0.04822309139913816
0.04823009662573563
0.048237914702056406
0.04824395447224972
0.04824692122191765
0.048249542603585605
0.04825186396239811
0.04825175874426568
0.043259518335898806
0.045738461751445136
0.04573703588976219
0.04573476261139531
0.0457309462626827
0.04572924851675575
0.04572923056475897
0.04572739321332753
0.045723776321823895
0.04572008559287699
0.0457148830090075
0.04570938834858018
0.04242545160307842
0.04487794811950874
0.0448752520232063
0.04487333225592405
0.044869749035691076
0.044865186774135646
0.044862017574136104
0.044859888060123865
0.044856971126492784
0.044855605585294
0.0448549566148666
0.044853573493477183
0.042411332754732856
0.0456713680280465
0.04567139042616142
0.04567187672083617
0.045671693809654856
0.0456716747288779
0.04567197654852562
0.045674197221487356
0.04567568709897141
0.045677491037320994
0.04567763523587609
0.04567814408551918
0.04322546049950504
0.04567880316343387
0.04567858547542403
0.045679378985134855
0.04568077464768061
0.04568195648811013
0.04568297545636257
0.04568340805951698
0.045683817400982374
0.04568459280445114
0.04568457041999929
0.04568409135065976
0.04241677488116502
0.04817126667584071
0.04817285026488105
0.04817284782824616
0.048171526370128115
0.048168875463822314
0.04816993859925933
0.048167718466156195
0.04816300368507864
0.04815924239485003
0.048155549228811045
0.0481518727901169
0.04567083036899078
0.04898390969359534
0.048985750928354665
0.048989496091141005
0.04899331043792099
0.04899582432697902
0.04900123490915975
0.049008774196210636
0.04901379397555061
0.04901775084611559
0.04902319507621122
0.04902424535249028
0.04323504473212991
0.04405094859356096
0.04405015054881867
0.044049603224868505
0.04404848221257307
0.04404793008745278
0.04404797447525799
0.04404833337677183
0.04404884218286709
0.044047438720943966
0.044047187689467915
0.04404679951873125
0.0408029677939894
0.04568838932938424
0.04568837285969596
0.04568878810585186
0.04568880971843514
0.04568975943078413
0.04569071682857295
0.045692057925315055
0.045692901080453874
0.04569272119363932
0.04569142679320781
0.045690317600733055
0.04486769495917353
0.04734603875914445
0.04734578094721953
0.04734546450787547
0.04734317169910929
0.04734129519308272
0.04733980463132004
0.04734098735076553
0.047343801955828546
0.04734817474272224
0.04735051124686884
0.04735095490388819
0.04242095254405798
0.04569394895215706
0.04569390530994677
0.04569408050040624
0.045694144561122974
0.04569358849127014
0.0456931612409166
0.04569141068370097
0.04568977768424576
0.04568888379584135
0.04568940640642105
0.04569027944997761
0.04323302669066198
0.04818124094142284
0.04818123751366854
0.0481822274360193
0.048183827992765105
0.0481848144892314
0.048188406769529735
0.048190017497544035
0.048190519858398284
0.04818711627978289
0.04818439702030286
0.04818182821739736
0.044868798284945166
0.0490154565207952
0.04901521854406243
0.04901504002026913
0.049013819330923525
0.049011530071710885
0.04901131393732272
0.049010576703111486
0.04901207214764858
0.049012116547583195
0.04901210196828343
0.04901216852842749
0.044048035293843046
0.0465153690004656
0.046514537443429926
0.04651370276899214
0.046511090128903865
0.04650877940478049
0.04650639214486296
0.046502940926536285
0.04649726556611555
0.04649119288158898
0.04648495639814465
0.04647946525716362
0.042404822941453535
0.04321090217502843
0.04320917017935999
0.0432083108555954
0.04320799389567931
0.04320837441754222
0.04320918449040967
0.043210883545494294
0.043212222425423
0.043212685793827976
0.04321319406082402
0.0432128905948479
0.04079839834232546
0.041599345662955534
0.04159835041139881
0.04159717932855389
0.04159645721098726
0.041595805925609186
0.04159543171165492
0.041595679674364394
0.04159622007499886
0.041596358723380744
0.04159656124303912
0.04159724034125056
0.04079756050226835
0.044835965635648956
0.04483868747247999
0.04484052897713897
0.044842594719405104
0.044843324314163935
0.044842807653543204
0.04484228350492181
0.04484262788207949
0.04484269275618491
0.04484215496488142
0.044842309753801546
0.0440280149345309
0.04897086065876044
0.0489730816858438
0.048975637998361465
0.04898126858666174
0.048987633543703835
0.048994610771146974
0.04899733664222139
0.049000185424976195
0.04900379315254222
0.049005646781292045
0.04900648894284587
0.044864082438763386
0.04984238699841925
0.049837897992001334
0.049830581912508665
0.0498221434499968
0.04981467342967738
0.04981083750047932
0.049803860661655985
0.049795874378809835
0.04978851352515434
0.04978094057519322
0.04977121629136505
0.0448238624531887
0.04563437609972332
0.04563045569548585
0.04562534331140533
0.04561897662032255
0.04561173727337531
0.045606857373164944
0.04560123287378892
0.045595352433212444
0.045589559364618726
0.045584696218288645
0.045579635700450316
0.04078710783452322
0.04236807934924691
0.04236608497164873
0.042364597357615885
0.04236303651619466
0.04236079247072366
0.04235885763982594
0.042356709123470226
0.04235504452609962
0.04235324926126993
0.04235230758369779
0.04235143873094338
0.041563890571241435
0.04234994926627422
0.042349393014351255
0.04234907579492142
0.04234887420513367
0.042349012963810884
0.04234997102996174
0.042349934060833316
0.04234961690693617
0.042348396551904255
0.04234698160715511
0.04234556693256719
0.04077837848068255
0.045509657766855005
0.04550776817263924
0.045506273257780894
0.04550442962240964
0.04550086113790908
0.04549774723592037
0.04549437763579589
0.045491524619736046
0.04548958772626399
0.04548913275391686
0.045487592046381975
0.04469224517849946
0.0470746125289252
0.04707120304231216
0.04706642108091108
0.0470626580962048
0.047058874932286665
0.04705619256576332
0.04705548518332581
0.04705364835390391
0.04704962297951676
0.047047296764533675
0.047045627720083694
0.042320472751034455
0.043098350722801326
0.04309736122853214
0.04309604388272614
0.04309506430758625
0.04309428831839712
0.04309293542451842
0.043091833536835544
0.04309046188592558
0.043088944450966116
0.043087015961602804
0.04308603161789071
0.04076663981965578
0.04230758181957839
0.04230655114463122
0.04230524819065651
0.04230469367524714
0.042304276355973114
0.042304075315255485
0.04230445798090776
0.04230404616869565
0.04230426265474563
0.04230388697865517
0.04230328877344203
0.04153193125110133
0.043074400179648586
0.04307284915991083
0.043070238267358896
0.04306752073024911
0.04306516828942808
0.04306294175988401
0.043061241470318645
0.04305820770919633
0.04305563392565981
0.043054016563827346
0.04305248796396022
0.04151937832445918
0.04771336123791481
0.04770938889518006
0.04770479013411566
0.04769979112000122
0.047692029778485745
0.04768290869258851
0.04767733154099285
0.0476691636054245
0.04766075156128036
0.04765541986102462
0.047650930815894776
0.04609264293611792
0.04999486494485117
0.04999149873233488
0.04998793531824175
0.04998684796146646
0.04998720456020522
0.04998464691798121
0.0499836067257573
0.04997943970918506
0.049971069420494674
0.049964091458141846
0.04995901431922101
0.04376872338259119
0.046834815027965604
0.046831363636016476
0.04682723931250177
0.04682385015634316
0.0468198097623409
0.0468163801020236
0.04681578225641325
0.0468144765170071
0.04681269872256455
0.046810101581120866
0.04680654788424676
0.04299361073701613
0.04450504086666207
0.044502450888444844
0.04449897058196295
0.04449615577409194
0.044494735600656865
0.04449161550862368
0.044488998686445846
0.04448606604797689
0.044482852561368746
0.0444788232012614
0.04447525534414587
0.04147902155509775
0.04371608082987177
0.04371339385915185
0.04371084207024323
0.04370753690659113
0.04370497043208066
0.043702359623657205
0.04369925444779321
0.04369673539211005
0.04369432214490687
0.043692313565542484
0.04368964768678696
0.04220354543956528
0.045928924935403126
0.045924837997527446
0.045920401927891596
0.04591744466906511
0.04591541231306717
0.04591535013906256
0.04591412646224846
0.045912402875483815
0.04591096955930962
0.045911712163591245
0.04591373223701223
0.04367683379154874
0.04592007241328666
0.04592263899632565
0.04592303913852103
0.04592316000189678
0.04592172265151295
0.04592063769796284
0.0459204239630171
0.04591810279255504
0.045916735687009824
0.04591597899807209
0.04591471119093593
0.04219690496760542
0.045917578873688525
0.04592113434111056
0.04592593850011917
0.04593309595087591
0.045940262200310444
0.04594719208705933
0.0459551618050873
0.04596065326834631
0.04596618560817611
0.04597199701070376
0.04597635747354234
0.04371539593757445
0.045224310614032204
0.04522530756713561
0.04522528492052014
0.045225129215278326
0.04522602950804955
0.04522742546439673
0.04523030599930178
0.04523192468732584
0.04523281828063874
0.04523461530209594
0.04523805479916865
0.04148324843816198
0.04298082421291394
0.042983458114070894
0.04298567604226666
0.042988073959562945
0.042990454069944395
0.042992707750471704
0.042994939268213406
0.04299646126072276
0.04299788762276191
0.042998021541436504
0.042997507158662795
0.04149219832561868
0.04299455843837885
0.042994250621568586
0.04299346214277544
0.042992344511014524
0.042990732141056975
0.04298870736237026
0.042987708836040195
0.04298597755566069
0.04298455595439199
0.04298366534045739
0.042983882695742714
0.04148589215603482
0.043735584919281756
0.043735016889558276
0.04373492681199198
0.043735684472597125
0.043737169892623884
0.04373779906849551
0.04373898880588101
0.04374135939552093
0.043743839025009335
0.043746084461611545
0.04374924746248565
0.042242739886186875
0.04375564937437071
0.043757989752759574
0.043759790810813826
0.043761681002987274
0.04376372985256638
0.04376598636405804
0.043767853290626046
0.04376968620863009
0.04377172747522673
0.043774135933166036
0.04377678931379014
0.04150320606768454
0.04378435662994895
0.04378871724814659
0.043793367042429754
0.04379852640696469
0.043804204122821266
0.04381008325245994
0.0438163150518609
0.043822555794639007
0.04382861588464504
0.04383429672696404
0.04383867013449039
0.042296706359375325
0.04619299456691728
0.04620023427862541
0.04620710371561465
0.04621235793005685
0.046215302341177766
0.046217268948981705
0.04621865333960096
0.046220051601743695
0.04622144008395446
0.046222042180689815
0.04622168636306023
0.04386478831588847
0.047010830081665844
0.04701083508622039
0.04701089747463727
0.047011932943362034
0.04701323355913023
0.04701484493712771
0.047016122560693985
0.047016725168313345
0.04701886341712602
0.04702234279691386
0.0470261249224182
0.04309393391539529
0.04544857999602714
0.04544971731275527
0.045450720146652746
0.0454514650389477
0.045451971712839434
0.045453219905769116
0.045454717536012046
0.04545537762990093
0.0454565612329072
0.0454573295428935
0.04545813904056728
0.04232166612610566
0.048651246205133836
0.04865575066875616
0.048658858623471746
0.048662158290829316
0.048662742077726806
0.04866482045515941
0.04867062099440189
0.04867529211986277
0.048680738293260806
0.04868754805905495
0.04869394213621758
0.04629052215742502
0.0503296300098901
0.0503366536361185
0.050344388970485765
0.050353456518620776
0.05036050246392554
0.0503632203503257
0.05036529089294728
0.0503656133907624
0.050361418089976295
0.05035688202060906
0.05035506895152042
0.043920572348765896
0.04471405860013622
0.04471350733596591
0.04471266954502684
0.044712408576254914
0.04471287852841277
0.04471341225665104
0.044715518155970635
0.044719101632747726
0.04472236223836301
0.04472456796441926
0.04472670932906553
0.040780569861486926
0.04314158893089126
0.04314263732121493
0.04314355666038705
0.04314393189778287
0.0431443673112788
0.04314445282319235
0.04314370505294507
0.04314287921883131
0.043142388777633656
0.04314235776340247
0.043141749562487064
0.04235192940493415
0.044731785529122714
0.04473241436520614
0.04473302081092778
0.044733364965966915
0.04473231165029734
0.04473174597718543
0.044731093569899016
0.04472928261403997
0.04472699036683081
0.044724549251919266
0.044720879423684634
0.042345034211831
0.04711382243929818
0.04710810749292249
0.04710337180712898
0.047099882071925725
0.04709571331327189
0.047091372796347564
0.04708784984893133
0.04708176525968888
0.04707643868490452
0.04707226337709591
0.04706766741272439
0.04467918542730098
0.04865531657791844
0.04864808230316675
0.04864138364436288
0.04863502788977492
0.048628578346463947
0.04862223422362044
0.048618726469704
0.04861244411137644
0.04860705449969993
0.04860260105085734
0.04860271481882528
0.04386463934085372
0.04543005227087349
0.04542909906671588
0.04542770268848151
0.045427318142938544
0.045427788196214625
0.045429588639734675
0.04543339221938325
0.04543596429130092
0.04543850100625124
0.045439557733243374
0.04544127018102606
0.04154030321039781
0.0446587716141591
0.04466091279997042
0.044662613727219025
0.044664925514695364
0.04466637586031341
0.044668580933566515
0.04467063198237109
0.04467349897638839
0.04467617407698765
0.04467986589990214
0.04468287740905863
0.04311093473405414
0.04468879089780664
0.044692969353186784
0.044696135348625265
0.04469967530246621
0.04470264839437821
0.04470616447163467
0.044709212700122514
0.04471267045319305
0.04471503447033287
0.04471744638892039
0.04472063472807175
0.041561518649707585
0.044722611885965824
0.044722183291576956
0.04472144643905174
0.044720646118044494
0.044719793342152814
0.04471844864473784
0.04471683210428479
0.04471509630241588
0.044714536086844614
0.0447146472359401
0.044714632142803135
0.04313062231870224
0.04551186670866092
0.045512155048447855
