5000
5000
5000
4985
4969
4943
4915
4889
4855
4810
4770
4721
4689
4664
4591
4519
4429
4372
4304
4235
4165
4094
4031
3969
3890
3790
3618
3340
3160
2979
2842
2713
2633
2534
2389
2313
2244
2198
2008
2003
2003
2004
2004
2004
2003
2004
2005
2002
2001
2003
2003
2002
2002
2002
2002
2001
2002
2002
2003
2006
2006
2008
2001
2003
2001
2001
2003
2004
2005
2004
2005
2012
2019
2024
2004
2004
2005
2006
2011
2009
2010
2015
2015
2023
2022
2028
2025
2023
2020
2022
2020
2023
2028
2028
2034
2032
2038
2044
2033
2035
2040
2039
2038
2042
2041
2041
2047
2049
2056
2059
2050
2057
2055
2053
2053
2054
2056
2057
2055
2057
2063
2066
2069
2062
2065
2062
2065
2068
2069
2070
2073
2082
2083
2088
2084
2085
2084
2082
2085
2086
2089
2087
2094
2097
2093
2090
2085
2083
2087
2087
2088
2084
2080
2084
2086
2083
2085
2086
2077
2071
2071
2069
2071
2076
2072
2075
2075
2080
2081
2089
2080
2079
2081
2084
2085
2081
2081
2080
2082
2083
2084
2086
2080
2078
2078
2082
2085
2086
2087
2082
2084
2086
2086
2090
2086
2086
2086
2081
2083
2088
2090
2092
2092
2096
2095
2095
2091
2096
2093
2093
2097
2096
2100
2100
2102
2105
2105
2107
2108
2107
2111
2113
2112
2113
2118
2124
2128
2129
2131
2129
2127
2127
2127
2126
2127
2128
2132
2140
2139
2132
2130
2132
2134
2133
2132
2136
2139
2136
2141
2139
2141
2144
2144
2144
2142
2144
2147
2143
2143
2144
2146
2150
2153
2157
2157
2157
2154
2153
2153
2156
2154
2156
2156
2156
2157
2159
2161
2164
2160
2161
2163
2163
2159
2157
2156
2154
2153
2153
2153
2155
2152
2150
2151
2151
2152
2150
2153
2153
2155
2153
2151
2149
2147
2146
2147
2147
2142
2142
2140
2141
2142
2146
2148
2148
2141
2139
2141
2141
2140
2138
2137
2137
2139
2140
2139
2140
2137
2136
2136
2138
2137
2136
2137
2137
2136
2136
2135
2137
2132
2132
2131
2131
2129
2130
2129
2134
2132
2129
2129
2132
2129
2132
2134
2135
2139
2139
2144
2143
2144
2144
2147
2147
2144
2145
2150
2151
2148
2153
2155
2154
2149
2147
2152
2150
2148
2148
2146
2145
2147
2154
2160
2162
2162
2162
2158
2160
2155
2155
2152
2154
2157
2157
2155
2158
2162
2159
2163
2163
2158
2158
2161
2155
2151
2148
2148
2145
2144
2145
2147
2145
2142
2138
2133
2133
2127
2129
2127
2124
2127
2132
2132
2135
2136
2134
2139
2138
2134
2132
2136
2140
2141
2142
2145
2149
2141
2143
2145
2144
2148
2152
2154
2160
2166
2166
2169
2170
2168
2166
2160
2163
2165
2174
2175
2173
2179
2179
2183
2190
2182
2173
2173
2172
2171
2180
2172
2170
2173
2178
2174
2180
2163
2159
2161
2152
2150
2155
2155
2157
2160
2161
2164
2172
2169
2165
2168
2169
2177
2180
2181
2183
2180
2182
2180
2180
2177
2179
2180
2184
2185
2188
2191
2196
2204
2195
2197
2201
2205
2202
2206
2213
2210
2211
2215
2221
2222
2217
2218
2221
2214
2212
2218
2217
2211
2221
2220
2221
2219
2228
2225
2228
2236
2232
2234
2234
2236
2237
2232
2231
2240
2242
2249
2255
2255
2257
2257
2261
2256
2260
2261
2259
2255
2257
2256
2263
2266
2272
2274
2277
2270
2278
2283
2286
2291
2290
2287
2291
2292
2295
2298
2300
2302
2313
2317
2316
2318
2321
2321
2321
2319
2328
2328
2334
2332
2334
2335
2341
2346
2349
2343
2346
2345
2346
2348
2349
2349
2350
2347
2349
2358
2369
2366
2370
2373
2371
2366
2372
2370
2374
2377
2380
2381
2384
2390
2391
2393
2397
2398
2394
2394
2402
2401
2394
2395
2397
2397
2403
2399
2405
2409
2410
2411
2410
2414
2423
2424
2426
2423
2422
2422
2425
2430
2431
2434
2431
2431
2433
2439
2435
2434
2438
2444
2445
2436
2434
2432
2436
2437
2433
2434
2434
2434
2430
2423
2427
2437
2438
2430
2426
2427
2427
2421
2429
2429
2438
2445
2439
2440
2442
2452
2450
2448
2449
2451
2453
2452
2451
2448
2454
2455
2461
2469
2465
2473
2479
2483
2485
2494
2490
2484
2483
2495
2495
2493
2500
2496
2501
2509
2506
2508
2517
2520
2514
2520
2515
2514
2512
2519
2521
2523
2530
2535
2543
2533
2533
2533
2523
2524
2533
2527
2531
2526
2531
2533
2540
2536
2535
2536
2533
2532
2537
2539
2538
2536
2539
2546
2537
2526
2520
2520
2513
2515
2518
2525
2527
2529
2522
2527
2539
2536
2525
2525
2527
2519
2525
2532
2535
2529
2526
2532
2537
2535
2538
2539
2546
2542
2538
2532
2529
2536
2544
2543
2547
2534
2532
2532
2526
2522
2533
2531
2537
2542
2539
2536
2543
2539
2537
2537
2543
2541
2546
2547
2544
2554
2552
2556
2554
2540
2534
2534
2529
2520
2523
2528
2528
2531
2530
2536
2530
2530
2529
2529
2532
2539
2542
2537
2541
2535
2546
2542
2539
2521
2511
2504
2501
2492
2491
2485
2484
2482
2483
2493
2485
2477
2478
2476
2472
2471
2474
2473
2459
2452
2459
2460
2466
2467
2457
2457
2459
2458
2455
2462
2454
2456
2450
2454
2467
2464
2458
2452
2453
2456
2457
2436
2439
2440
2443
2444
2444
2419
2411
2410
2412
2403
2403
2405
2396
2396
2389
2393
2390
2375
2365
2360
2365
2359
2367
2350
2348
2346
2347
2340
2330
2325
2331
2329
2330
2331
2334
2323
2306
2298
2299
2291
2292
2295
2285
2282
2289
2286
2276
2274
2269
2269
2267
2264
2259
2259
2244
2239
2229
2228
2229
2226
2221
2216
2215
2221
2209
2211
2208
2204
2200
2202
2203
2213
2215
2209
2203
2197
2190
2183
2180
2168
2156
2154
2157
2160
2156
2152
2156
2153
2143
2144
2142
2132
2138
2139
2144
2154
2151
2155
2158
2157
2159
2154
2150
2157
2157
2150
2157
2161
2157
2159
2156
2154
2147
2147
2134
2143
2135
2136
2138
2134
2132
2134
2134
2138
2135
2124
2123
2125
2126
2115
2116
2118
2120
2111
2108
2108
2103
2095
2086
2080
2078
2076
2076
2079
2073
2070
2065
2068
2077
2067
2067
2068
2066
2060
2064
2066
2068
2067
2069
2065
2064
2072
2063
2067
2066
2064
2053
2052
2049
2053
2053
2051
2047
2050
2053
2053
2057
2055
2050
2052
2048
2053
2060
2059
2054
2056
2060
2063
2062
2065
2063
2067
2069
2068
2070
2073
2076
2066
2071
2070
2068
2072
2064
2062
2055
2063
2063
2067
2067
2056
2060
2064
2065
2062
2058
2061
2060
2059
2057
2061
2061
2057
2059
2061
2056
2059
2061
2061
2057
2058
2056
2060
2061
2055
2051
2059
2060
2050
2047
2046
2046
2054
2052
2046
2055
2051
2056
2055
2059
2052
2055
2053
2053
2054
2053
2057
2054
2050
2057
2059
2058
2058
2060
2062
2068
2060
2063
2060
2061
2057
2057
2066
2060
2059
2061
2062
2059
2064
2065
2062
2057
2056
2057
2068
2070
2069
2075
2075
2073
2076
2080
2078
2078
2075
2075
2078
2087
2085
2089
2089
2089
2089
2091
2086
2085
2090
2094
2093
2095
2097
2098
2098
2098
2101
2098
2097
2101
2102
2104
2101
2107
2110
2109
2114
2122
2122
2113
2115
2120
2117
2123
2126
2128
2132
2137
2135
2130
2134
2135
2137
2135
2139
2141
2141
2143
2145
2151
2154
2154
2158
2161
2160
2154
2155
2154
2156
2158
2155
2160
2159
2154
2150
2157
2156
2155
2151
2151
2146
2153
2157
2164
2164
2165
2165
2168
2171
2176
2174
2179
2180
2186
2186
2191
2191
2199
2201
2200
2201
2209
2209
2210
2211
2221
2232
2241
2232
2234
2231
2230
2230
2229
2227
2221
2229
2220
2223
2234
2236
2240
2241
2239
2239
2236
2236
2237
2236
2237
2230
2233
2227
2229
2235
2230
2229
2239
2234
2236
2233
2238
2238
2247
2243
2254
2254
2251
2253
2257
2253
2254
2251
2257
2256
2261
2263
2266
2266
2271
2273
2279
2274
2266
2262
2263
2258
2266
2269
2265
2265
2269
2262
2253
2245
2249
2253
2244
2240
2256
2254
2248
2255
2258
2263
2271
2272
2281
2276
2273
2279
2282
2288
2285
2287
2296
2291
2298
2289
2276
2275
2280
2271
2272
2272
2273
2274
2272
2277
2279
2276
2262
2258
2255
2261
2260
2254
2265
2272
2268
2269
2279
2263
2265
2265
2263
2267
2266
2271
2285
2282
2282
2279
2287
2279
2278
2276
2273
2273
2285
2282
2288
2289
2297
2300
2301
2286
2272
2260
2258
2267
2262
2258
2259
2260
2258
2261
2261
2253
2245
2233
2231
2240
2250
2248
2245
2241
2240
2247
2247
2243
2239
2237
2233
2225
2228
2238
2242
2251
2254
2260
2266
2259
2256
2248
2238
2244
2240
2247
2247
2252
2250
2251
2248
2239
2231
2236
2233
2231
2234
2232
2231
2233
2233
2242
2243
2234
2224
2219
2221
2213
2218
2213
2224
2224
2226
2227
2230
2216
2213
2220
2219
2215
2210
2206
2201
2200
2211
2214
2214
2191
2182
2185
2193
2189
2177
2176
2180
2178
2185
2185
2181
2166
2169
2169
2166
2164
2165
2164
2167
2174
2170
2168
2175
2167
2167
2162
2173
2165
2181
2179
2183
2199
2199
2194
2192
2188
2173
2168
2165
2163
2162
2163
2172
2178
2173
2175
2182
2177
2170
2172
2167
2173
2171
2172
2180
2179
2185
2189
2200
2187
2190
2190
2193
2192
2212
2213
2206
2214
2210
2214
2209
2195
2171
2168
2169
2172
2180
2183
2191
2198
2201
2190
2195
2185
2180
2180
2178
2178
2177
2178
2174
2175
2183
2179
2186
2179
2164
2164
2164
2174
2173
2182
2170
2177
2170
2173
2166
2169
2154
2156
2151
2152
2164
2163
2166
2162
2160
2172
2170
2158
2143
2140
2139
2134
2142
2141
2144
2141
2143
2145
2147
2137
2137
2142
2138
2134
2135
2132
2132
2133
2127
2139
2144
2141
2123
2128
2129
2136
2144
2143
2151
2159
2160
2156
2148
2141
2132
2140
2140
2142
2153
2149
2155
2159
2165
2159
2162
2143
2138
2132
2127
2126
2126
2120
2123
2124
2127
2136
2147
2135
2132
2127
2135
2128
2133
2136
2132
2127
2125
2125
2132
2138
2135
2138
2135
2135
2138
2147
2142
2135
2131
2125
2130
2132
2128
2121
2129
2128
2127
2127
2132
2131
2134
2136
2136
2126
2122
2112
2114
2115
2124
2134
2134
2137
2137
2132
2135
2122
2112
2113
2112
2115
2123
2116
2127
2132
2127
2131
2138
2122
2121
2111
2105
2114
2110
2113
2110
2111
2121
2113
2113
2105
2091
2096
2103
2111
2111
2109
2111
2114
2116
2120
2115
2113
2097
2089
2093
2091
2096
2096
2098
2102
2111
2101
2103
2100
2094
2092
2092
2091
2093
2099
2101
2096
2101
2102
2105
2099
2091
2096
2093
2100
2110
2105
2109
2111
2109
2112
2118
2113
2109
2103
2098
2096
2103
2102
2105
2099
2105
2111
2104
2098
2089
2088
2084
2084
2090
2086
2091
2089
2085
2086
2086
2077
2072
2069
2067
2069
2071
2068
2068
2072
2075
2077
2075
2073
2067
2066
2067
2069
2073
2070
2076
2082
2084
2085
2085
2083
2080
2080
2082
2079
2081
2077
2071
2075
2082
2082
2088
2093
2090
2083
2085
2082
2093
2075
2081
2079
2079
2078
2083
2083
2083
2087
2086
2094
2093
2103
2105
2107
2111
2111
2118
2113
2103
2102
2095
2100
2110
2109
2119
2117
2123
2119
2119
2119
2116
2114
2109
2113
2108
2105
2104
2104
2095
2097
2096
2097
2095
2088
2092
2084
2088
2088
2093
2097
2101
2103
2102
2105
2103
2107
2109
2110
2117
2108
2107
2104
2110
2110
2114
2113
2109
2113
2121
2118
2121
2123
2127
2117
2116
2117
2117
2106
2105
2101
2095
2093
2095
2094
2099
2111
2113
2109
2111
2100
2098
2098
2095
2098
2096
2088
2091
2092
2088
2092
2099
2107
2104
2102
2096
2095
2095
2099
2096
2090
2093
2098
2099
2103
2101
2099
2101
2101
2099
2106
2103
2110
2109
2105
2106
2102
2104
2103
2107
2109
2108
2110
2105
2108
2115
2118
2118
2132
2122
2122
2133
2123
2121
2126
2122
2120
2116
2127
2121
2107
2103
2098
2103
2101
2105
2110
2109
2111
2114
2120
2116
2109
2108
2113
2122
2126
2132
2131
2140
2141
2140
2139
2136
2135
2134
2137
2144
2148
2153
2154
2153
2154
2166
2165
2167
2163
2162
2160
2162
2169
2166
2165
2162
2176
2179
2179
2185
2178
2165
2171
2161
2159
2161
2160
2155
2163
2163
2161
2168
2161
2157
2149
2140
2143
2144
2138
2133
2138
2138
2132
2131
2123
2107
2103
2108
2114
2113
2110
2117
2118
2121
2123
2128
2107
2105
2105
2108
2099
2099
2106
2111
2117
2120
2121
2124
2106
2108
2114
2120
2112
2120
2120
2123
2131
2133
2144
2142
2137
2135
2133
2136
2140
2154
2157
2156
2155
2160
2166
2166
2165
2158
2154
2150
2155
2151
2153
2156
2166
2166
2176
2171
2162
2154
2148
2153
2150
2157
2169
2170
2180
2173
2179
2184
2169
2156
2161
2160
2162
2167
2164
2165
2171
2172
2180
2183
2170
2167
2148
2158
2155
2160
2160
2164
2163
2156
2158
2166
2142
2134
2141
2132
2131
2142
2141
2146
2147
2142
2149
2151
2142
2141
2144
2140
2147
2155
2161
2165
2166
2171
2169
2161
2142
2138
2141
2142
2140
2147
2154
2144
2144
2154
2152
2148
2145
2131
2142
2139
2132
2133
2143
2143
2148
2145
2147
2151
2142
2128
2128
2144
2148
2152
2149
2150
2142
2143
2148
2148
2148
2129
2132
2129
2128
2123
2124
2127
2129
2138
2151
2149
2135
2115
2108
2120
2119
2132
2140
2144
2144
2153
2155
2157
2144
2129
2134
2140
2146
2151
2151
2155
2147
2153
2153
2158
2158
2150
2142
2147
2150
2155
2155
2160
2164
2167
2164
2162
2167
2153
2150
2154
2160
2172
2164
2169
2177
2178
2176
2179
2163
2155
2159
2160
2149
2155
2160
2161
2159
2160
2159
2164
2153
2144
2138
2142
2146
2154
2161
2167
2168
2165
2163
2162
2158
2147
2155
2160
2153
2149
2152
2156
2156
2159
2166
2170
2162
2164
2163
2160
2164
2170
2177
2179
2177
2184
2187
2185
2171
2162
2160
2162
2159
2164
2167
2167
2167
2178
2177
2180
2159
2162
2154
2156
2150
2149
2154
2155
2154
2164
2168
2175
2161
2170
2156
2157
2161
2167
2164
2166
2164
2164
2161
2162
2142
2127
2120
2124
2122
2127
2128
2127
2132
2132
2139
2139
2122
2122
2123
2127
2135
2132
2136
2139
2139
2138
2136
2138
2127
2122
2119
2118
2110
2116
2117
2123
2121
2119
2125
2126
2125
2111
2112
2117
2113
2129
2134
2137
2132
2135
2138
2135
2116
2118
2117
2119
2119
2122
2126
2130
2139
2137
2134
2135
2113
2096
2102
2103
2107
2108
2113
2110
2115
2114
2121
2120
2108
2105
2104
2099
2105
2114
2111
2111
2118
2118
2125
2127
2113
2108
2111
2117
2122
2131
2131
2128
2128
2129
2129
2133
2111
2108
2105
2107
2107
2112
2109
2111
2110
2109
2117
2116
2108
2111
2109
2113
2118
2130
2136
2132
2129
2133
2129
2136
2141
2131
2130
2130
2136
2139
2141
2134
2135
2142
2138
2130
2129
2116
2113
2107
2110
2124
2123
2133
2131
2134
2137
2145
2132
2126
2121
2115
2111
2120
2122
2122
2125
2128
2128
2136
2124
2120
2116
2109
2105
2117
2117
2109
2110
2109
2108
2117
2111
2115
2108
2109
2113
2113
2113
2114
2116
2115
2111
2118
2102
2090
2096
2092
2104
2111
2115
2119
2114
2122
2126
2117
2100
2101
2106
2107
2101
2103
2108
2112
2111
2117
2124
2129
2113
2115
2115
2113
2118
2126
2130
2127
2130
2126
2118
2117
2116
2105
2109
2108
2105
2116
2124
2120
2122
2123
2127
2129
2117
2109
2113
2112
2104
2110
2111
2115
2124
2128
2126
2134
2119
2117
2109
2103
2103
2104
2103
2104
2106
2116
2118
2116
2096
2096
2089
2086
2093
2102
2111
2114
2113
2118
2108
2117
2112
2111
2110
2111
2112
2113
2114
2105
2104
2094
2099
2105
2107
2099
2105
2108
2107
2120
2120
2130
2134
2127
2128
2129
2124
2116
2116
2116
2116
2121
2115
2121
2120
2119
2117
2121
2117
2119
2112
2117
2116
2128
2142
2136
2137
2140
2141
2143
2129
2126
2122
2118
2124
2123
2125
2130
2137
2141
2137
2139
2133
2115
2108
2112
2114
2114
2117
2119
2114
2105
2110
2112
2110
2105
2101
2100
2101
2106
2108
2112
2109
2109
2109
2110
2106
2109
2123
2111
2110
2114
2119
2123
2118
2130
2139
2141
2127
2128
2128
2125
2127
2130
2133
2141
2150
2142
2142
2138
2125
2121
2128
2122
2132
2131
2129
2134
2130
2132
2125
2124
2106
2098
2096
2094
2097
2105
2099
2097
2101
2106
2106
2110
2103
2101
2105
2098
2099
2104
2111
2116
2120
2118
2120
2127
2117
2111
2119
2122
2125
2134
2133
2128
2132
2130
2135
2140
2131
2117
2117
2111
2114
2121
2124
2127
2125
2118
2115
2118
2114
2104
2103
2101
2110
2113
2114
2109
2114
2120
2126
2130
2126
2117
2121
2117
2123
2130
2139
2131
2138
2134
2138
2138
2129
2121
2114
2113
2117
2120
2120
2123
2121
2122
2119
2122
2114
2113
2104
2104
2106
2113
2117
2121
2129
2132
2134
2136
2123
2119
2118
2121
2122
2132
2128
2134
2136
2134
2143
2139
2123
2113
2111
2122
2117
2120
2121
2120
2125
2120
2126
2127
2130
2128
2124
2119
2116
2129
2132
2137
2130
2135
2139
2137
2128
2122
2124
2125
2127
2124
2128
2135
2134
2132
2134
2136
2119
2109
2107
2111
2116
2116
2115
2121
2124
2129
2129
2132
2139
2124
2125
2130
2122
2124
2120
2119
2124
2123
2130
2131
2130
2120
2107
2105
2102
2111
2118
2115
2115
2117
2128
2126
2117
2105
2111
2110
2106
2109
2110
2119
2117
2120
2112
2112
2116
2122
2116
2119
2115
2128
2127
2133
2128
2120
2130
2133
2125
2119
2118
2124
2129
2130
2124
2129
2137
2139
2142
2148
2134
2136
2135
2131
2134
2145
2141
2139
2140
2142
2144
2138
2138
2136
2138
2138
2139
2152
2143
2137
2138
2143
2146
2148
2131
2131
2135
2129
2135
2138
2142
2144
2140
2142
2137
2138
2132
2127
2117
2116
2115
2122
2126
2130
2129
2133
2128
2133
2111
2108
2111
2118
2128
2131
2132
2134
2139
2147
2148
2147
2148
2140
2137
2134
2140
2143
2142
2144
2151
2158
2159
2150
2136
2133
2138
2138
2138
2140
2140
2141
2139
2139
2142
2152
2150
2144
2143
2137
2142
2141
2147
2137
2136
2130
2127
2130
2122
2131
2129
2123
2124
2130
2124
2125
2129
2130
2135
2139
2136
2136
2133
2133
2124
2127
2133
2133
2134
2142
2138
2139
2128
2123
2123
2128
2125
2133
2130
2133
2130
2137
2140
2147
2134
2126
2133
2135
2132
2140
2140
2138
2137
2139
2132
2134
2133
2131
2127
2123
2124
2121
2123
2125
2126
2126
2131
2126
2108
2113
2115
2115
2125
2132
2136
2140
2139
2151
2156
2152
2135
2130
2130
2131
2138
2129
2128
2127
2132
2137
2135
2130
2125
2130
2136
2140
2137
2133
2146
2149
2147
2144
2135
2143
2136
2131
2130
2124
2123
2129
2127
2126
2127
2124
2130
2132
2123
2113
2106
2115
2105
2109
2114
2122
2114
2113
2119
2125
2118
2117
2112
2117
2117
2114
2117
2116
2112
2118
2132
2133
2124
2118
2123
2127
2128
2134
2141
2136
2138
2143
2143
2146
2137
2136
2135
2138
2147
2150
2154
2152
2153
2149
2151
2158
2145
2138
2137
2140
2137
2139
2144
2144
2136
2139
2129
2129
2127
2122
2127
2126
2139
2142
2144
2146
2149
2153
2162
2159
2156
2151
2146
2142
2142
2152
2152
2153
2153
2146
2146
2153
2132
2129
2118
2129
2125
2135
2136
2139
2149
2144
2137
2148
2134
2120
2129
2117
2120
2128
2121
2127
2131
2128
2138
2144
2141
2140
2146
2137
2144
2143
2145
2136
2141
2136
2142
2158
2133
2124
2121
2124
2120
2121
2123
2126
2129
2123
2128
2131
2114
2106
2102
2102
2110
2119
2112
2123
2114
2120
2117
2130
2122
2116
2114
2110
2114
2122
2123
2123
2131
2130
2126
2124
2107
2099
2098
2101
2095
2099
2103
2115
2121
2116
2121
2128
2119
2114
2115
2116
2119
2135
2137
2138
2140
2138
2132
2140
2130
2121
2113
2117
2113
2112
2116
2119
2123
2122
2128
2122
2108
2107
2101
2104
2108
2106
2107
2104
2104
2104
2103
2105
2107
2104
2100
2104
2107
2108
2103
2106
2109
2105
2099
2102
2100
2096
2100
2090
2093
2087
2094
2093
2097
2104
2116
2117
2121
2112
2101
2106
2113
2121
2113
2110
2116
2112
2108
2106
2103
2106
2114
2117
2123
2121
2116
2115
2119
2120
2122
2131
2130
2120
2111
2099
2109
2118
2118
2114
2121
2126
2119
2118
2116
2110
2106
2101
2109
2104
2108
2118
2118
2120
2121
2126
2122
2124
2125
2126
2130
2138
2140
2138
2142
2134
2141
2146
2134
2140
2139
2139
2141
2145
2148
2146
2146
2145
2144
2150
2143
2132
2138
2129
2124
2128
2130
2125
2123
2125
2130
2141
2133
2119
2113
2111
2113
2120
2130
2136
2128
2131
2124
2124
2106
2108
2113
2117
2112
2116
2125
2125
2125
2130
2134
2134
2120
2119
2120
2118
2123
2119
2121
2123
2130
2135
2142
2137
2130
2120
2116
2125
2124
2132
2132
2135
2134
2130
2132
2132
2125
2121
2129
2131
2132
2129
2134
2131
2126
2132
2128
2135
2125
2123
2114
2109
2108
2111
2111
2111
2113
2106
2112
2107
2102
2098
2104
2104
2097
2105
2104
2102
2109
2116
2119
2123
2124
2123
2119
2119
2125
2127
2127
2122
2138
2139
2136
2135
2125
2113
2113
2112
2120
2129
2130
2131
2131
