0.0
0.0
0.0
0.16666666666666666
0.4166666666666667
0.75
1.1666666666666667
1.6666666666666667
2.25
2.9166666666666665
3.6666666666666665
4.487421383647798
5.404088050314466
6.351310272536689
7.415263760908782
8.404219584201952
9.383584663567033
10.31923867200585
11.249618418841294
12.140423016542442
13.041856708298715
13.914498217732676
14.82922689990322
15.719941716972267
16.516238013268563
17.31091393919449
18.08968920899233
18.792071104997408
19.33870317662948
19.91985300906858
20.460393401122023
20.920533820603
21.192136222264985
21.406926406820094
21.20090643335826
20.873403144033823
20.328830985668557
19.64664412360965
18.516328817467407
16.67242699560506
14.900161187891497
13.059156433771571
11.231093437739824
9.401334861235657
7.673134448568572
5.924180120834645
4.502971412125938
3.1724642868970547
2.0212303450444513
0.9961344435705969
0.32933502663062103
0.31779656509215953
0.32100966625302185
0.31187724616169765
0.2592027517063813
0.2563778929493191
0.24209776775370095
0.25165961718483143
0.24193739496260924
0.20302854001601844
0.2275383439375871
0.24741013880938192
0.269504437054996
0.2685126615349186
0.2636007374156774
0.2763126018224571
0.28542073356247455
0.2908686754510944
0.30872581830823725
0.3398532692886294
0.3612207906561508
0.3949161401409739
0.4217018544266882
0.4665736492984831
0.5049973914368479
0.5205190814868398
0.5484865611616366
0.5794254904056506
0.6075856906559635
0.665373389068662
0.6828697815650545
0.7151614482317211
0.7215717046419775
0.786573953854753
0.8607983405791398
0.8976182280087833
0.9084452168645706
0.9587270862953758
1.0235988811671708
1.0181425319608217
1.0855840246869441
1.076058874536794
1.148942887075979
1.2065321727902647
1.3120877283458203
1.3825519863100784
1.4102455890036811
1.4109714891198253
1.4917902025701177
1.5749519504538971
1.6650395051755982
1.8236535713694515
1.901488370978445
2.010897780387854
2.0673427721776734
2.095090024924926
2.1411861210210223
2.1241406664755678
2.1731580512072384
2.293829046878234
2.367418790467977
2.407052096230315
2.351722376266449
2.406580532294818
2.4482471989614845
2.541922950184406
2.6023866093322754
2.7028139597596255
2.740230408466397
2.8039558986624757
2.834568143560435
2.79996535895765
2.832995985738277
2.8467724139883894
2.981635537981948
3.042468871315281
3.0917112955577064
3.0480355443347853
3.0620868763685727
3.0898646541463504
3.1428600458514198
3.1436506846875996
3.1828663709621097
3.200369588465327
3.1948220150298225
3.289894254451907
3.3563538817810987
3.4461527323558117
3.51879087852337
3.663278389289951
3.634939444284339
3.769198703543598
3.7816571753043955
3.9062436103747005
3.9519952443616284
4.072630164996549
4.115282858257763
4.162417096568471
4.177424311575687
4.0443562302317435
4.028081720427822
3.9508932159846375
4.15811853035281
4.044692604426883
4.043642862824816
4.043934238116191
3.9680248888692464
3.99075216159652
4.0428659148992585
4.016887507341904
4.096523149477545
4.114329417283813
4.047270593754401
4.112525193668822
3.9818344558352265
4.048644800662813
4.150110850045529
4.084526434461113
4.10046846344662
3.9249634129415703
3.8614745967931796
3.8039254208229507
3.6234282219433993
3.6942343221612646
3.8075629869605176
3.7907501214634416
3.908028676241996
3.871855586316371
3.851242711536829
3.8996554099495278
3.983351062123441
4.085915164687544
4.079504908277287
4.1563848184905305
4.29700106498913
4.346565335141636
4.2969621605384605
4.164025652601953
4.141298379874679
4.236333167983472
4.15705827620858
4.159439228589533
4.227826909748953
4.588646645568689
4.562030146126102
4.565472691235314
4.493091738854361
4.433303379066001
4.480178379066001
4.712129223920072
4.619867319158168
4.51124073069287
4.573441687630669
4.669671846360827
4.624941454203964
4.308487440381529
4.441941546661723
4.477465050935226
4.644131717601893
4.682477582263547
4.718935915596881
4.807182115077786
4.986369307196013
5.13231404872899
5.249891646569746
5.187391646569746
5.191003617673977
5.4350994341382135
5.372823448475132
5.468988907412331
5.458287153026365
5.572322240745664
5.604068272491696
5.626403695689188
5.70066261885918
5.725172422780749
5.68371253857893
5.780934760801152
5.907315527532796
5.882030627247894
6.260127868949624
6.353198521123538
6.414602029895467
6.503490918784357
6.809707850001288
6.911980577274015
6.973384086045946
7.037272974934834
7.30425733466113
7.465368445772239
7.447070385807514
7.389662978400106
7.128134651654388
7.173759651654389
7.410915040125566
7.355359484570012
7.091470595681123
7.078213019923546
7.011875300625301
7.213611411736411
7.335665283790284
7.22769426929753
7.291617664742664
7.298760521885523
7.52603324915825
7.496033249158249
7.4193525768893425
7.552685910222674
7.677887198467442
7.9348316429118855
7.996783397297851
7.967825063964518
7.84916034661559
7.8371313611083435
7.934957448064867
8.02833542425534
8.007390682722365
8.087100827649902
8.095924357061666
8.148954660091968
8.112722776033998
8.081157119468342
7.898940213567225
8.03348566811268
8.049035907347129
8.217994240680463
8.33113653317058
8.491726810948359
8.332957747767528
8.207793057385446
8.267408442000832
8.426183694526086
8.65599735912236
8.50700746013246
8.741855944980946
8.592866045991046
8.831350894475895
8.83533373761315
8.83533373761315
8.839607241886654
8.962996935928523
9.368451481383067
9.483836096767682
9.390086096767684
9.24722895391054
9.348536143453025
9.423097546961797
9.684208658072906
9.345134583998831
9.497401740861578
9.344203087662924
9.122496633197848
9.241390889773264
9.314724223106596
9.14805755643993
9.142181488063862
9.240666336548713
9.389359147006228
9.481464410164124
9.378565859439487
9.5683806742543
9.347263250011876
9.274732385814344
9.411755979280768
9.39599319268465
9.15176242345388
9.035534353278441
9.160854866098955
8.930017076437634
8.693905965326524
8.928754450175008
8.696870392203994
8.660990762574365
9.015788742372346
9.253134421384692
9.194654889220947
9.102392984459046
8.854466890944716
8.956806072231265
8.488536841462032
8.498667560416282
8.472701376841401
8.199974104114128
8.172951157254227
8.070362773415843
7.563052831895376
7.340189584032127
7.673522917365461
7.845091544816441
7.977989148302281
8.003241673554806
8.31734423765737
8.503291950075669
8.464199654118385
8.466364156282888
8.782336378505109
8.877432072285012
9.09812585218932
9.693211322274788
9.649560528623995
9.540491901173015
9.64851659253104
9.664930733945182
9.964930733945181
9.86915396169782
9.632625139642682
9.76093201794956
9.630723684616227
9.916688596896929
10.007124202957536
9.391383462216796
9.212812033645367
9.259286392619726
9.459132071632071
9.58065984940985
9.725104293854292
9.783670727420727
9.974146917896917
9.666276547526548
9.71392315246482
9.192128280669946
9.40682735474402
9.52839246824462
9.583948023800176
9.666150135414052
9.363372357636274
9.432400135414053
8.952241405255322
8.978357832687538
9.179115408445114
9.043515993240435
8.855244388302163
8.799261482319256
8.355622190853877
8.519936706982909
8.35832054536675
7.9588107414451805
8.231495926630366
8.064088519222958
8.091738288808214
7.95577337652751
7.842137012891147
8.114889205873604
8.16561384355476
8.34339162133254
8.480813981580987
8.088452870469876
8.255119537136542
8.507897314914318
8.245789052806058
8.203196460213466
8.064202152813086
8.090717304328237
8.245262758873691
8.232117917603851
8.189726613256026
8.132709069396375
8.070734279480408
8.064781898528027
7.64703298077911
7.694693799492561
7.681873286672048
7.404861792419175
7.496365060393031
7.815683242211214
7.678183242211213
7.441021710932035
7.502132822043145
7.511531318283747
7.310857298675903
8.08800851003764
8.214759210317753
7.83419240869832
7.529996604502515
8.353161944909237
8.144828611575901
8.161314118822277
7.896433166441326
7.772483586609393
7.508594697720505
7.435843374969182
7.566998677999487
6.939805695543345
7.564642296850534
8.157701536461497
8.492117120877081
8.580173801039026
9.369062689927913
9.595285516014872
10.110166468395823
10.183759541988897
10.583332191561547
11.238790281230164
11.602426644866528
12.668890882383394
12.436483474975992
12.925095650369775
13.091100941375066
12.253381643129451
11.933509848257655
12.641264477887285
12.805616329739138
13.091811615934425
12.85890563302844
12.252389342301624
12.048685638597917
10.97015999757228
10.852240607594064
11.147266025168504
11.214117877020355
11.446058021499198
11.29975334578276
10.402266573295986
11.25233779836721
12.228263724293136
13.434612930642343
13.805283926313338
13.89787651890593
14.009618943148354
14.83124203683027
14.435989198852974
15.30651551464245
16.513798427807718
16.757058231729285
17.04078839045944
15.872595472266523
14.678656078327132
13.57700772667878
13.484114508785565
13.395225619896673
13.476538751209802
12.481168380839433
11.86110259136575
11.268223334399805
10.838064604241074
10.529036826463296
10.346497143923616
10.321100318526788
10.360873045799517
10.950616635543106
10.769267429193901
10.504981714908185
10.67442615935263
11.79016690009337
12.078361344537816
11.7258658008658
11.961219336219335
12.268163780663778
11.900108225108227
12.000108225108226
11.812608225108226
10.94722360972361
10.988890276390274
11.232161497922364
10.959939275700144
9.829888770649639
9.579888770649639
9.447090196674594
8.56972277243217
8.664459614537435
9.18876517009299
9.049181836759658
9.340848503426322
9.622899785477605
9.929248991826812
9.82618941050636
9.929821889138841
10.394274103591057
10.478815166392987
10.653479769076165
10.703826991298387
10.008164223267197
9.931279302632277
9.807767397870373
10.785837573308969
11.381991419462816
11.021796059267457
11.835453466674863
12.14314577436717
12.16291073163213
12.169639510100039
11.833210201534506
11.7300355983599
12.12540596873027
12.78413612746043
12.897231365555669
12.33582785678374
11.817799010629892
12.009523952354835
11.647718396799279
12.444726943807828
12.116949166030048
11.952447001527885
11.989434523809523
12.840624999999998
12.765411324786326
11.988100400416577
11.886248548564723
11.646665215231392
11.698169844861019
11.934100580791755
12.134100580791758
11.522989469680647
12.188267247458421
12.764024823216
13.571263880455058
13.25053558913853
13.292708328679689
13.31208274511293
13.466017930298115
13.507684596964785
13.424351263631449
13.162446501726686
13.391960390615575
13.30341872394891
12.90341872394891
12.456449026979213
11.88468976771995
11.09502844864687
10.954079485329485
10.973920755170754
11.23244348244348
11.336610149110149
11.412108724608723
11.309294871794874
11.049622252747254
10.88816391941392
11.341155372405373
11.4681394993895
11.658417277167276
12.516706047220753
13.314200219714925
12.903089108603814
12.890102095616802
12.932570044334751
13.097812209576917
13.400842512607218
13.557768919533624
13.823393919533624
13.175958022097726
13.169807228446933
13.3786307578587
14.099218993152817
14.861662432066842
16.68944020984462
16.923567193971603
17.03040480080921
18.632256652661063
19.452744136192024
18.90506142674461
18.685732723040903
19.324621611929793
19.77168951316436
20.012865983752597
18.525529382445406
17.680553892249325
16.802776114471552
17.348411035106473
17.413225849921286
16.130397567093006
15.373429897081861
16.306310741727412
16.280847778764446
16.201482699399367
16.362748131498133
16.97064286834024
17.502949631625263
16.790609888035515
16.36283211025774
15.452117824543455
15.536875659301288
15.441926164351793
15.628406350831979
15.193424665850294
16.00102270506598
15.383165562208838
14.982946263963226
13.741718193787788
13.22468920828054
13.668278951870283
13.990501174092506
14.05868299227432
13.69799923159056
13.861130544721876
13.715675999267331
13.776191872283206
13.025346706630735
13.028124484408515
13.44084378265413
13.663066004876349
14.43543442592898
14.193767759262313
14.36980942592898
14.489127607747163
14.60482809083895
14.636141222152082
14.515552986857962
14.207682616487594
14.35509640959104
14.647831452326082
14.34094739435507
14.53917971758739
14.125144629868094
14.333477963201426
13.62410296320143
13.56160296320143
14.108704412476792
13.548982190254568
13.091792647770909
13.271885240363503
12.967718573696835
13.07776130873957
12.457081264146481
12.574126718691934
12.474126718691934
12.428672173237393
12.555457887523106
12.604700311765532
11.857257856522564
11.887895111424525
12.693450666980079
12.844839555868967
14.64330446814967
14.20679653164173
14.571860634205834
14.198051110396312
14.219845982191181
14.107893120238321
14.393607405952606
14.279971042316243
14.620167120747615
14.83258542140121
14.467628156443945
13.984115611641078
12.277975260763887
12.41239986393849
13.606566530605155
13.359542721081347
15.633581182619809
15.522470071508694
15.79330340484203
16.477489010902634
16.646719780133406
16.895330891244516
16.496545466143303
16.63005801094617
16.45023344954266
16.869380274939488
15.900808846368058
16.024265636491517
13.600654525380405
14.141102868460322
14.366102868460324
14.059907693021728
14.52678803490207
14.405954701568737
14.612095052445929
15.792046743267186
15.910102298822741
15.870059008779451
15.789621428341873
16.222982820036595
16.122555469609246
16.223814050844943
15.826939050844944
15.671675892950207
15.431178816926815
15.576276856142501
15.579434750879344
14.389382049957076
15.08572043379546
15.61981134288637
17.05811328118831
16.64622263560201
17.114171353550727
16.69237183664251
15.958691281086956
15.900848143832057
15.546259749769979
15.301161710554295
15.769495043887629
15.809899084291667
16.07159210141947
15.248675434752803
13.546234357311723
13.51152187484328
13.146778285099687
13.793603681925084
15.282492570813977
15.476542604620603
15.139088392166393
15.617483453894787
15.700816787228119
15.60878536186336
15.22019840534162
15.582093566631942
15.76515162469
16.5943305103205
16.616125382115374
16.36076823925823
16.576046017036003
16.054653935299097
16.066558697203856
15.301931751417492
15.02162872111446
15.746192365218334
15.187164587440558
17.679436092816903
18.33665581253662
17.63182977437725
17.67503490258238
17.3035319263919
15.949365259725235
16.2873282226882
16.728796476656456
17.05515181750455
17.189087326440056
16.272779855175692
16.672085410731246
13.70102059591643
12.66784158357075
13.478972607067368
14.898568566663323
15.102809638091896
15.118510121183684
15.56208651007257
15.397096088616633
15.769009668863546
15.965377190231068
16.303293856897735
16.31937572824276
17.25085720972425
19.789128814662515
19.404349430161222
19.406874682686478
19.098466944591237
19.235544239277225
18.883017233104386
18.541063210115883
19.146570032727965
19.175593021233713
18.77984589479693
18.5107610204489
18.331594353782233
16.28280963156001
16.041430321215184
15.754309109093969
15.866288275760636
15.83744212191448
16.293019723325415
16.51871416776986
15.336696623910214
15.00304400577484
15.310378433798919
15.038808787229273
14.460683787229273
14.998258191991177
15.404698354262983
14.153940778505406
14.042421170662267
14.112933991175089
14.267064582805682
14.204564582805682
13.76846355437253
13.793254474324742
13.785784819796264
15.29015544916689
15.61232806821451
14.91639552853197
14.02951770047767
14.19158480004477
15.997850784699503
16.171461895810612
16.159880565263766
16.202043263676465
16.74706242076459
16.68523446377534
16.64111681671652
15.864833576147563
15.544397068211055
15.353920877734865
16.096299795113783
15.987262998576986
14.271683288432056
14.219821586304397
13.161200896649225
13.279076077024405
14.060438084192866
14.708586232341013
16.035746726168174
15.487787542494702
15.620862477895217
16.433759303292042
16.175354744887482
16.546121233301033
16.551121233301036
16.248816268762027
17.015830157650917
16.82315338997415
17.177649968664277
16.89959985973181
15.825217143682432
15.601760353558973
16.248599948072982
16.895246289536402
17.260929056381958
17.222967360075533
17.29726843534435
16.987925001000914
17.068296733027058
17.312741177471498
16.415771480501803
15.720152607952784
15.168229531029708
15.10187150633835
13.924521078987922
12.67132711847689
12.06955929847311
11.658907066449585
11.808772657847435
12.985303592190867
12.870350403708267
14.064794848152713
13.768716416780164
14.223866879743126
17.286453039103478
18.47626785391829
18.672502550152988
20.49735825000869
21.916135610859218
24.078438718564627
25.355992482005487
25.40026331533882
25.173257239495538
24.501431842670144
24.450715402247813
24.699873651406065
22.462748580664698
22.589092666686202
24.660365552475216
27.452821360556026
26.44102376099247
24.589943514078886
23.720127845876124
22.76700284587612
24.58169143181571
25.14935016197444
26.07087621656501
26.758264808365368
27.867006490156058
26.51762318844827
24.499159690994958
22.61125616246643
24.527385541361767
25.27837760485383
24.643923823341225
26.453447632865036
26.54517479559946
27.219602900174625
26.85481323784676
25.378636767258524
23.48396391137877
23.59897843570702
23.54156216776444
20.86870180740408
18.341934130636403
17.394661735088146
16.83791782540306
14.789888268752813
12.295330114106939
10.054849037955545
9.202271858572981
10.096646858572981
9.96428693454639
9.937507704335788
13.713098982975845
16.188297395674258
15.975289265592957
15.630461679386064
15.809754608678993
15.589927022472096
15.260521859733602
15.100880386865384
15.605054507318576
14.664157768188138
15.701060613061998
15.482923358160036
12.788423607040075
9.750725194341662
9.7502412609309
9.760808557927563
9.615967288086294
11.119999546150808
13.610966912118174
13.805594105100631
13.026747951254476
12.973168680283903
11.865656110038413
11.721930619842338
10.49248050646365
13.287233592883403
14.305271110920922
15.729330250705866
17.002959399335015
17.03364936349272
19.394803209646568
19.073092683330778
20.82492418516228
20.591435451673547
20.48556810473477
22.832234771401435
24.52590761090761
23.979717742878663
25.9927648809258
26.618396194057112
26.230599306260228
24.57728734044826
21.490317643478562
24.355381746042667
22.681727501736248
22.74349906350781
22.68972922223797
20.277824460333203
18.41054050971592
17.09103134537917
14.043438752786578
11.847494939655265
10.912059504219828
12.596125438285766
10.916283541052564
8.141617989213097
8.158526201773485
8.247011050258333
8.600416068179479
9.76526200655483
11.790262006554828
11.048035909490025
11.029551061005174
12.689030227671841
12.741113561005172
11.428415148306762
11.288560075842994
12.450244858451688
12.519689302896133
12.565403588610417
12.363632557617374
11.364858047813456
9.330598788554196
9.008770831564949
8.972785983080101
7.31957610653689
7.138407805883294
6.656463361438853
7.950907805883296
6.654032805883296
6.567921694772186
6.4430601222361945
6.483823796126803
6.455744085981874
6.328824483452517
6.3445063016343335
6.193261712889746
6.20730492276629
6.167739096435757
6.938572429769089
6.110794651991313
6.080123355695016
5.908406183977846
5.7614423596884405
5.41827841534482
5.1717369133685365
5.019225298966678
4.855210147451526
4.781075948317327
4.641973384214763
4.639989257230636
3.755729997971377
3.250174442415821
3.1870957387121184
3.0820767993181786
5.050330767572147
5.191740325950852
5.322979185130888
5.472780772432475
5.461471248622952
5.59404700619871
5.625952600604303
5.539011763663467
5.5297525044042075
5.449593774245478
5.519286234562938
5.51568046533217
3.4502042748559774
3.3023714575185164
3.091587143793026
2.991345597899306
2.9075162328199418
2.729485929789638
4.295674127556784
4.305386637269293
4.891433891419996
4.866228636904396
4.73924450992027
4.738273258949019
7.208511354187114
7.170615426585304
7.144573759918637
7.115847051844104
7.147097051844103
7.219066748813801
5.61296013612824
6.327093225261329
5.689051669116325
5.756221209346211
5.705496571665051
5.718452215055476
3.3697418975951585
4.917818820672082
5.081360487338748
5.132550963529224
5.310199542340594
5.304643986785038
5.314259371400422
4.668778060596531
4.640481357299828
4.723814690633161
4.8112059949809876
4.8108766142168236
4.681773078863288
3.236260258350468
3.171676925017135
3.081676925017135
2.953411062255148
3.0333713797154664
2.945136085597819
2.9073336662429803
2.9548611387704526
2.9906401242776988
2.986380865018439
3.067674571312146
3.1030281066656813
3.0967572036556477
3.1105072036556476
3.157369948753687
3.1559670306841023
3.1426733798904514
3.192714229563654
3.231776729563654
3.233455606242531
3.099759954068618
3.1090192133278776
3.02141237572104
2.9728012646099287
3.0229824240302183
5.116871312919106
5.112786345598846
5.148139880952382
5.1245287698412705
5.209389880952382
5.167992610837439
5.125929118773947
5.106484674329503
5.046702065633851
5.039757621189406
5.083739102670887
4.937905769337554
2.8184613248931085
2.8421541353506257
2.76613074353776
2.677348692255709
2.585543136700153
2.549931478243667
2.6332648115770003
2.6896140179262065
2.703343995042911
2.8756924798913963
2.92117178272364
2.9767273382791957
3.010060671612529
3.0217621263879884
3.025890093364252
3.0169869594611183
3.0692687054928647
3.0994026340642926
3.039554149215807
3.027649387311046
3.037987733175708
2.8410180362060107
2.846108533943567
3.4048386926737257
3.4814468798082285
3.518765032875907
3.544766737905745
3.6975445156835227
3.652901658540666
6.4055058252073325
6.452854310055817
6.5216948897659615
6.530894023965097
6.5644438075148805
6.526440144511217
5.960302578373651
5.93739809494285
5.929500491457013
5.962322315838939
6.004345107861731
6.1055705980578105
3.3959746384618508
3.325898880886093
3.2570583011759484
3.2465364156540626
3.283132535583516
3.4863071387581193
3.5244335004138923
3.4804520189324113
3.531377944858337
3.7041720625053958
3.5862233445566782
3.5224978543605996
3.5620938139565586
3.73878721859114
3.8054538852578066
3.997793952597874
4.075666697137285
4.056474777945366
4.133358162878286
4.431490346786332
4.714253879549865
4.598182450978436
4.7181824509784365
4.8848491176451025
4.89215070494669
4.878588613443422
4.934728964320615
4.835798483037194
4.799901047139758
4.821432147618226
4.992484779197173
4.9301859286224605
4.684459432895965
4.841291731032611
4.777541731032611
4.732087185578066
5.007880836371716
5.063109594541651
5.112177576997792
5.172471694644851
5.224226080609763
5.217846495282809
5.007994943325994
4.84392086925192
4.8840443260420425
4.979857530550899
5.031940863884233
5.089300171243541
5.081143204753242
4.984942224361085
5.044548705842566
5.052882039175899
5.22414352622686
5.468461708045041
5.660769400352734
6.1215101410934745
6.331386684303351
6.14064594356261
6.176757054673722
6.123185626102292
5.921025132275132
5.986997354497355
6.128972663139329
6.087305996472662
6.14850064977258
6.231833983105914
6.301278427550357
6.0646117608836905
6.035841919613849
5.960200893972824
6.169923116195046
6.395800309177503
6.473791762168955
6.702549932103596
6.7357598086468045
6.813658359371442
6.791947833055654
6.705142277500098
6.5245867219445435
6.53906040615507
6.499116797132513
6.851680899696615
6.730847566363281
6.641875135285588
6.641498061379102
6.44913835887741
6.399614549353601
6.350049331962299
6.434215998628964
6.328891924554889
6.481669702332668
6.419047869973994
6.296789098044169
6.120507046762118
6.172590380095451
6.18341289091796
6.21026711086681
6.4053501249153415
6.710244304809522
7.0235776381428545
7.087096156661374
7.153000296094924
7.1057780738727025
7.047577015671645
7.245493682338311
7.455963767808396
7.465283943246992
7.594071822034873
7.889855748253582
7.772818711216544
7.7473557482535815
7.873281674179508
8.033334584232417
8.252615629984051
8.409212852206274
8.80445094744437
9.081236661730083
9.232030312523733
9.35581198893699
9.42531133017546
9.448471503335634
9.52291594778008
9.259357746721879
9.041765154129285
8.706447693811825
8.61636832873246
8.960940697153513
8.966496252709069
8.785543871756687
8.76873714906761
9.018075773406235
9.609561280652612
9.482775566366897
9.67102342961476
9.612822371413701
9.717822371413702
9.874568403159735
10.146213424804754
9.992266056383704
9.92282161193926
9.627583516701163
9.489152144152145
9.589111093249024
9.200222204360136
9.239947877237983
9.410196746016263
9.373159708979225
9.361108426927942
9.680552871372388
9.385098325917841
9.440490482780588
9.289448816113921
9.720471225077507
10.150262891744173
9.728683358929937
9.815072247818824
9.825941813036216
9.756333969898963
9.916961989222633
10.126096604607248
9.819152160162803
9.963382929393573
9.801172590712644
9.749436479601533
9.659485499209376
9.277438930581926
9.454390777239242
9.294390777239242
9.302724110572576
9.3702679702217
9.43186217312025
9.180217436278145
9.514939658500367
9.358453987308815
9.467355502460329
9.702871375476201
9.849279421453213
9.903200990080665
9.946679250950227
9.85106521586251
9.937969977767272
9.723997546689576
9.427122546689576
9.580850616865016
9.411658697673095
9.7420954178157
10.461563808620296
10.312159046715534
10.015505902699307
10.239712251905656
10.07591914845738
10.203717091591077
10.384994147868133
10.589359227233212
10.69278184628083
10.69417073516972
10.511973765472751
10.172958613957599
9.334740223153002
9.355392397066046
9.27766130462907
9.339024061113777
9.531325936491877
9.60257340099492
9.188558249479769
9.180621741543261
9.419907455828975
9.099768566940087
9.208101900273421
9.397586027257548
9.761871741543262
10.46986540096355
10.522660432019451
10.540332067069135
10.268233551549567
9.935491834172963
10.18893386315847
10.255600529825136
10.574709725227436
11.127511449365366
11.015011449365367
10.890631489047907
10.27960664432741
9.721549046288194
9.717563539041818
9.297656131634408
9.606722065700342
10.023911198406717
9.846694659617288
9.90205180247443
9.235827222456747
8.87260883165215
8.935429344472661
8.89897101113933
12.440710141574113
12.200385064174732
12.211616948232704
12.283144726010482
11.991478059343814
11.930723454471561
12.071859075386596
12.581414213231206
12.952140708957701
12.829726915854254
13.19821953434687
13.446359415299254
10.070298809238647
10.423368984677243
10.666303767285939
10.652480392023884
11.128670868214362
10.998037913277999
10.976147816659642
10.19751004576181
10.375872618861225
10.41422844095018
10.166248642970382
9.898629595351334
9.87063223039745
9.708595193360411
9.870786551385102
10.715980699594015
10.282220015833333
10.246704397519256
10.0949833830265
10.262157149084649
9.88935013154079
10.177254256401435
9.873631067995639
10.148228769145065
10.698953406826226
11.005990443863261
11.267013371552855
10.326019582732979
10.608986615700012
10.332733228166136
10.512420728166136
10.220480388812005
10.412147055478671
9.912467568299183
9.954379044993269
9.561818380880881
9.270151714214213
9.029563478920096
8.350620026539145
8.40381943130105
7.8915696038338305
7.990180714944941
7.982368214944941
8.215999167325894
8.02016583399256
8.279579414239473
8.40178495311168
8.320105058931786
8.305320112695226
8.665693294225902
8.784728912505471
8.77896818018224
8.97936798028219
8.99186798028219
8.743453125209728
8.52926661727322
8.411905506162109
8.325248336171605
8.297330266586869
8.452480370106537
8.381327816343097
7.962557362860161
7.894796888258752
8.127120120581983
8.227694833225662
9.041738043102205
9.22673378052761
9.283876637670465
10.074264064571052
10.970459267217867
11.073002557261157
11.087495310884345
11.048432810884345
10.767001651464055
10.586519777016663
10.366149406646294
10.218959112904274
9.473368283980113
9.280090973055744
8.951891568293838
8.164976363615477
8.308975201162701
8.014645627227862
8.0943557721554
7.786384757662646
7.85096809099598
8.149266057397394
8.859030367161704
8.828516899148235
9.635970315297305
9.564541743868732
9.778150184039673
9.886590354979843
8.760213978603469
8.70100345228768
8.38076300432984
8.722464177552752
8.50698798707656
8.141125918111044
7.927773645383771
7.909676002286127
6.840835422575984
7.513752089242651
8.418819244309805
8.201161901652462
8.153278303768865
8.327254911955999
8.369868548319635
8.073317876768963
8.24296073391182
8.328794067245154
7.719419067245155
7.610622770948858
7.61749433516675
6.834729183651599
5.89226886619128
5.994541593464008
6.037795561717975
5.793834209060971
5.880639764616526
5.822031706008468
5.797459056435819
5.784081863453363
5.639345021348099
5.697380735633813
5.60566617624684
5.7402060191200155
6.30965046356446
6.182199483172304
6.0770407530135735
6.142258144317921
6.022600024659801
6.018631770691546
5.979932815325927
5.911455169598704
6.821817011703967
6.806638440275396
6.948999551386508
7.277843546897169
6.559787991341614
6.689491223986024
6.853993388488187
6.861328135748703
6.973676313886355
8.396899226239702
8.485170831177973
9.321192336554317
8.436773010313184
8.578259301799475
8.58034263513281
8.212314527974266
8.351666379826119
8.159758955160074
8.06528480186239
8.070027349287864
8.068656735252777
6.873608426074033
6.855722247212243
6.1135347472122445
6.321097189395407
6.404727611261124
6.453125047158559
6.455422678830529
6.305731320805837
6.37038649321963
6.414644196300863
6.385404430218991
6.365044581734143
6.181565049570401
6.16573029819963
6.280933671215504
6.113105726213647
5.949298536671162
5.827590289962917
5.866101201387818
6.022274040893991
6.115411295795954
7.479822323364875
7.483380747727668
7.415198929545849
7.548281636312766
7.562954947497706
7.505415264958025
7.6758212478640075
7.623073020913654
7.544177949371524
7.452546844582524
7.522243814279492
8.615934516366778
7.131285393559762
7.122244513056617
8.442896686969661
8.343720862793836
8.218144825927476
8.106835302117952
8.076095208877861
8.017430392349954
8.042552941369562
8.015762993526982
7.796066023830012
6.628845909978019
6.714372225767494
6.727629801525069
5.396560960945358
5.560022499406897
5.609524204101363
5.602327234404394
5.491721173798333
5.516124413355026
5.491214993065171
5.479661719637698
5.443947433923415
5.390609432055999
5.371749782933193
5.288639265999147
5.315947824557705
5.033339128905531
4.950683302347265
4.899546938710902
4.799974289138253
4.715509734085463
4.752851950074242
4.710677153326274
4.694804137453259
4.7535342961834175
4.815655508304629
4.8355084494811
4.774568938541589
4.832177634193763
4.825641686481345
4.9417131150527736
5.002138477803718
5.512627988293228
5.442014298285361
5.395928439699503
5.507515741286805
5.435798569569632
5.2804955392666
5.291433039266601
5.188550833752816
5.135773055975039
5.179144752479727
5.143430466765442
5.0278158488252425
5.038337734347128
5.187292438179881
5.195388100687309
5.137524852824061
5.071742024541232
5.2072315350307425
5.1629607016974095
5.312083508714953
7.147152953159399
7.165178315478237
7.223934075846902
7.2959276190268865
6.824547147646414
6.673356671455939
6.849243692931196
6.753773607461109
6.9046069407944435
7.996390157577658
7.947779046466548
7.88119212461647
6.075884584933928
6.070406189872199
6.086385879238986
5.969154240820907
5.894488666155333
7.175549272215939
8.6032388665722
8.728623481956816
8.660528243861577
8.414631779215112
8.47735579355203
8.572663711440592
8.6290129177898
8.616667238777454
8.487963535073751
8.628588535073751
8.665375321860537
7.464720121205338
5.835196919843054
5.848017432663567
5.858334892981028
4.9957356866318205
4.964412638478478
4.908498659983855
4.862070088555283
4.926884903370098
4.959790886276081
4.858749219609415
4.872638108498304
4.84320169534096
4.906675513987193
4.802980189703633
4.792121603845048
4.603505532416476
4.683215677344013
4.609882344010679
4.537792396920731
4.3602700469845885
4.312799499514041
4.2982161661807075
4.326724938110533
4.398672612529137
4.417191131047656
4.389209104903865
4.4426602833550435
4.548484146991407
4.582338313658074
4.6390049803247395
4.680671646991406
4.784119922853475
8.410412882479768
8.4609337158131
8.586994836356395
8.600883725245284
8.661994836356396
8.725467058578618
8.671763354874916
8.631043657905218
8.478768438606973
8.54249392880305
8.587973231635296
8.435195453857517
4.799392984721714
4.906667850313111
4.805959746457879
4.7736413703895035
4.803271000019134
4.7229457967671005
4.763558823587024
4.784751352322656
4.965672404954235
4.894371157182399
4.75282703953534
4.905604817313118
4.959069572390776
4.841378040132711
4.7477435242420984
4.657336804525034
4.499929397117627
4.457754600369658
4.408954439046812
4.236040895818426
4.156179784707314
4.038755542283072
4.019410304187834
3.974538509316039
3.870147828312455
3.845447702049828
3.814141997950007
3.8313833772603516
3.9136483345253086
3.8667733345253086
3.899034543102307
4.050755557595061
3.934058697691679
3.88048726912025
3.895368221501202
3.878836507601067
3.8996698409344006
3.8722866338636943
3.955865065236243
3.857118983731541
3.7791943042443616
3.9195216851967434
3.833054448729507
3.918471115396173
4.033298317179896
4.1924899007900835
4.311537519837703
4.322015102683707
4.26317007344394
4.228781718743086
4.127948385409753
4.287039294500662
4.352143461167329
4.36841330243717
4.363028687052554
4.230963469661251
4.156222607686346
4.0506024526475874
3.9975721496172825
4.040164742209876
3.9928589777988486
4.153115388055258
4.266448721388591
4.230734435674306
4.269424911864783
4.19720268964256
4.319345546785417
4.358910764176722
4.327882395382395
4.396215728715728
4.470079365079365
4.402655122655124
4.531554958451511
4.487627309872699
4.426707769642814
4.418771261706306
4.331271261706305
4.415795071230115
5.492294189395899
5.481714479250972
5.508888392294451
5.4637032071092655
5.373425429331488
5.324183005089064
5.425045074054581
5.3345883382490085
5.22765073562175
5.113894121865136
5.03770364567466
4.760231118202133
3.534922476226825
3.465502186371752
3.361573887363361
3.347684998474472
3.2137961095855836
3.1683415641310373
2.9504844212738948
2.913721852253261
2.946459947491356
2.9175928450948425
2.828703956205953
2.873575751077748
4.71069696319896
4.700242417744415
4.713400312481257
4.658506132587077
4.725874553639709
4.803191844192293
4.811433602434052
4.7585064817649965
4.767931084939599
4.777122261410187
4.897620345701375
4.970002824333854
3.2233578026888323
3.180270681476711
3.296897475735084
3.357532396370005
3.314925880079277
3.2764841876128172
3.3277662388948683
3.412951424080054
3.4511458685244985
3.433784757413387
3.485508895344422
3.6089306125161387
3.5056339092194357
4.249663380764152
4.1117565345239715
4.157362595130032
4.2829037206711575
4.322220763277675
4.285762429944341
4.268218570295218
4.232034359768902
4.194594746242332
4.250150301797888
4.1202801719277575
4.14698957363716
3.5034065306638724
3.5145651251558
3.668244778835454
3.6475571331478083
3.815215863306538
3.841257529973205
3.844433573530374
3.9847844507233567
4.227538073911762
4.222795526486288
4.413271716962479
4.463485392176153
4.594437773128534
4.746280721846483
4.702693932291951
4.7369381967993744
4.599041371402548
4.663029466640644
4.760730616065932
4.7945143998497155
4.8594024103899
4.924330143000559
4.991403313732266
4.946908592766957
4.979646688005052
5.013188354671719
4.865637578088685
4.8920904289658775
4.928274639492192
4.953134583469783
4.919801250136451
4.749350799686001
4.529362454697655
4.455288380623581
4.341918913595577
4.474096784744036
4.375882499029751
4.250326943474197
4.295512128659381
4.331866295326048
4.3403249419425896
4.234115791615792
4.184115791615792
4.337449124949125
4.281679894179894
4.181189698101464
4.073319327731093
3.970384188158022
3.970781013554847
4.021706939480773
4.029131181905015
3.964131181905015
4.056393086666921
4.176276127602593
4.145973097299563
4.061846113172579
4.162887779839245
4.258748346288047
4.3587483462880465
4.443955742589896
4.466177964812118
4.439061562695716
4.47937541550957
4.56515972923506
4.5324216339969645
4.629418934941634
4.784721965244663
4.782182282704981
4.8047517271494256
4.8927146901123875
4.953054196285228
5.003778833966388
5.0415993467869
5.156678711866266
5.185448553136107
5.161330906077283
5.053572285387628
4.943834800650143
4.836950742679129
4.990284076012462
5.00088349121714
4.883459248792898
4.697461847883217
4.615853842362168
4.665533329541655
4.5321999962083215
4.429025393033718
4.450692059700384
4.482833396439422
4.456498620104647
4.443284638859975
4.404823100398437
4.30857553704561
4.295444223914296
4.311578309127329
4.235189420238439
3.994911642460662
4.0032449757939945
4.061886951102637
4.034109173324859
3.968700816249836
3.9107685524352185
3.8899091448423952
3.743588074608281
3.7435880746082812
3.7229531539733602
3.768053886574093
3.9023792833994904
4.0905737278439345
4.061407061177268
4.007973419201959
3.9616771229056624
4.120063875042415
4.190938058048951
4.307322855284812
4.318192420502203
4.444515171824954
4.571582840997886
4.66517258458763
4.648989009708403
4.516548533517928
4.6270644065338
4.68595863730303
4.756000453312589
4.676139342201477
4.7351671199792555
4.68850321041212
4.747832920557047
4.761324984049112
4.768555899174763
6.02569875631762
6.1038894996556285
6.267579975846104
6.356102564368693
6.367757576023705
6.370903309265526
6.332212833075051
6.342629499741718
6.338866058881501
6.302214824313601
6.258345092512834
6.097605405457358
4.843723417879718
4.723382916087602
4.616901434606121
4.478696306400994
4.4292545201171025
4.419724378273131
4.409803743352495
4.352344065933141
4.429658880747955
4.465152707908449
4.402772439709215
4.492441055693621
4.465934572093316
4.429823460982204
4.586592298785526
4.520834723027949
4.6111856002209315
4.524380044665377
4.567157822443154
4.661614626299291
4.542051749468972
4.66820915687638
4.985087176200051
4.977812043924918
5.192724324626672
5.302825334727682
5.155315756183621
5.318029853680327
5.305529853680327
5.424418742569216
5.359205067355542
5.313984256708234
5.443619706111125
5.45403637277779
5.285630575676342
5.287118670914437
5.255868670914437
5.210511250557016
5.2438445838903505
5.321361746361746
5.37719507969508
5.462009894509894
5.775044082544082
5.894063221300063
5.932866310103154
5.883047469523443
5.967698632314139
6.138300484165991
6.110026674642182
6.295283084898593
6.7194660914345405
6.858022710254318
6.974904430684425
6.949944688333378
6.7912908421795315
6.737935863824553
6.819098328810547
6.924472724945814
6.947870342642921
7.06824071301329
6.861097855870433
6.768790163562741
6.679960692380329
6.414430389350026
6.233702515073765
6.308789971345629
6.37567593625791
6.262183872765846
6.2964975982560425
6.165230660586666
6.022689126475672
5.872880697356898
5.873674348150549
5.74340139529695
5.260627225022781
5.290587542483098
5.268507770403327
5.153565241667693
4.886924374794629
5.012104749975004
4.808771416641671
4.7452284127905795
4.777837108442754
4.634158947523214
4.765416578780845
4.892921466366377
4.937564323509235
4.909959078512685
4.729403522957129
4.692366485920092
4.829621387880876
4.678106236365725
4.60366179192128
4.576921554230279
4.522347278867961
4.493611646684052
4.369680022752428
4.214755780328185
4.230106657521168
4.4851233799291945
4.638479861410676
4.521670744601559
4.505004077934893
4.543243616174431
4.598320244526922
4.668695210063177
4.610709098952066
4.80636127286511
4.96196710494153
5.0506034685778936
5.247058146940467
5.017975825752882
5.115040219692276
5.1891762286108944
5.2237000381347025
5.4546524190870835
5.458603568512371
5.503475363384166
5.769962818581299
5.686490131847743
5.712270814491171
5.749496519820325
5.719238583312388
5.820115776294844
5.7399018725515285
5.806278684145732
5.793629874621922
5.596407652399701
5.722470577569768
5.692385107484298
5.680835923892103
5.742267547823727
5.711094708317554
5.784591613711012
5.744173026921458
5.660839693588124
5.555447536725379
5.632272933550777
5.620120155772998
5.7471526760982
5.960453786015852
6.035605301167368
5.968444807340206
5.986191720920452
5.915953625682358
5.896722856451589
5.943927157526858
6.167412006011706
6.298822262421962
6.27592848952819
6.423677531673783
6.313311678015247
6.269364309594195
6.287546127776014
6.220879461109348
6.157726564623116
6.188149845046397
6.116642329573364
6.204350662906697
6.0301082386642735
6.13733434589038
6.088402721958757
6.08450288616237
6.1273600290195125
5.869703779019512
5.727243461559194
5.59343393774967
5.599067193382926
5.469437563753297
5.460816874098124
5.257691874098124
5.266782783189034
5.222194038600289
5.234495625901876
5.055924197330448
5.027650387806638
5.075306637806638
5.126100288600289
5.257052669552669
5.195794930875576
5.275953661034306
5.337781618023553
5.42319828469022
5.435177451356886
5.272992577407307
5.144024323439052
5.25116718058191
5.15741718058191
5.201735362400092
5.228017413682143
5.268601829266559
5.225187850771936
5.3018391564554985
5.282868342323394
5.313423897878949
5.321394226161778
5.532952533695318
5.363080738823522
5.302812881680665
5.401423992791776
5.427267101296176
5.43154060556968
5.459408570937646
5.553257777286852
5.576524369797049
5.531063060273238
5.488779109655954
5.400972471849317
5.295051419217739
5.504506547422866
5.649298214089534
5.561419426210745
5.406734326364354
5.297359326364355
5.18165992160245
5.135310715253245
5.039463477581758
5.075400977581757
5.027933970344635
5.05757272239718
4.991739389063847
4.901717459239285
4.808907001722946
4.907243305941602
4.905139208488667
4.940251169939915
5.005355336606582
5.069039547132898
5.157936771438975
5.046172065556622
5.140874714232284
5.15281105375483
5.236447417391194
5.357124109120517
5.246904263606553
5.208668969488906
5.143542490500738
5.2610871827962615
5.1386913494629285
4.890701583381057
4.785352746171754
4.769339674276329
4.6449435390106295
4.662892256959347
4.5950892266563175
4.5706844647515545
4.4940851381522275
4.499640693707783
4.518702771980387
4.505451148263648
4.663561267311267
4.822482207482207
4.988155966347455
4.965933744125234
5.000655966347456
4.944245709937199
4.947192864408744
5.0315678644087445
5.2094431080734624
5.181665330295684
5.308405257035611
5.277743913874267
5.177214813345167
5.162257548387902
5.045472678411542
5.153518655423036
5.224351988756369
5.291368305772687
5.4459211513011425
5.379601706856698
5.4042727594882765
5.364299859759279
5.354776050235469
5.308717056038177
5.337612330623107
5.3614727294835065
5.32066076367154
5.263491979642503
5.288204623320663
5.227598562714603
5.195561525677565
5.254640116463473
5.233806783130141
5.544852479794003
5.559890073778966
5.725503992218681
5.7811603745538305
5.863132052113742
5.889841453823145
5.945630927507355
5.925266109916151
5.925266109916151
5.926588861238901
5.869979406255463
5.852084107110165
5.876762944162227
5.815806982830325
5.570814995650839
5.587536486878908
5.747462957467143
5.735176632680819
5.74517663268082
5.808884362149418
5.947773251038307
5.941820870085926
6.036921178727901
6.033036174842898
5.878951207522635
6.0034410034410035
6.274474657287158
6.1407941017316015
5.833155212842713
5.9025996572871575
5.87945150913901
5.733618175805677
5.752136694324194
5.608197300384799
5.437123582436082
5.475002370314871
5.342594962907463
5.2425949629074635
5.077788415288415
5.311121748621749
5.441677304177304
5.518066193066193
5.5330444065738185
5.506900615724145
5.341680708316737
5.348365200295348
5.3708010977312455
5.47908986778472
5.5253861640810165
5.615377345738865
5.668372737443935
5.5482872673584644
5.501990971062168
5.432546526617724
5.611448168575319
5.696071491588735
5.784130905168982
5.894870655614615
5.923716809460768
5.7672462212254745
5.679150983130238
5.714526101838689
5.701574000176911
5.751605269720375
5.663286181401286
5.764296282411387
5.701589266452338
5.718109734288596
5.702677635523163
5.86252612037165
5.910603043448574
6.022547487893017
5.958343875413541
5.883117631069652
6.00259815055017
5.927483268966572
5.965944807428111
5.877087484195787
5.730372316647286
5.683150094425064
5.748335279610249
5.688865582640552
5.6211808164263735
5.499653038648596
5.682653643609274
5.596869329883783
5.440520123534577
5.568830968112288
5.669984814266134
5.500713980932801
5.430029457123278
5.453838980932801
5.314829971923793
5.1631885577823775
5.09020380832704
5.089402526275758
5.1587007718897935
5.103058302135934
5.0363916354692675
4.884092784894555
4.760045165846936
4.769345761085032
4.798363618227888
4.696122721869345
4.698721474468098
5.677540918912541
5.793943035314658
5.799759749464706
5.689343082798039
5.692220106750935
5.685051647969574
5.657912439795883
5.651960058843502
5.791519260902704
5.890394922278365
5.930631850382941
10.459769379520468
9.50039437952047
9.430288559414649
9.365306911099667
9.392390244433
9.355403122540219
9.303228146978148
9.293968887718888
9.310273235544974
9.211693886965627
9.232649052657633
9.169653020911603
4.599306700565282
4.506846383104964
4.559899436158017
4.609448985707567
4.588814065072646
4.649154868060508
4.738727060573877
4.849838171684988
4.831549696874775
5.007831748156826
4.9445485401367755
5.010024730612966
5.022921556009791
5.0608119809969905
5.070721890906901
5.057901378086388
5.000275429156091
4.962421398655002
4.903847969283253
4.6808087535969785
4.6126174419846135
4.3552645008081425
4.329594857951
4.272360425716569
4.2293048701610125
4.157997569651675
4.055745317399423
3.948774163553269
3.9503683664518197
3.9818498479333013
3.9652772614519
3.945260921582619
3.9413622861050364
3.934826338392618
3.8538707224505893
3.910361107065974
3.8673055515104173
3.9167121562575793
3.9953532973987205
3.990144964065387
3.977228297398721
4.024789273008477
4.168912879898042
4.296227694712855
4.417920816405978
4.476001624486785
4.493691309056266
4.589673451913409
4.86717345191341
4.867718114222778
4.841329225333888
5.013204225333888
5.007417188296851
4.997694050524934
4.885789288620171
4.928196696027578
4.909563155654907
4.917454569796322
5.056714819350689
4.913857676493547
4.5071910098268795
4.634783602419472
4.623245140881011
4.543962733473603
4.5888122705106404
4.5176410993394684
4.511450623148993
4.426737979470832
6.843830903597005
6.9405570940731955
6.92540557892168
6.942072245588347
7.212187188117082
7.16622227583638
7.1509088855229885
7.266649626263729
7.202677705973874
7.293153896450065
7.382503489946
7.398392604212397
5.035647506173182
4.996957029982705
4.871010060285735
4.954918106262746
4.947429426360273
4.88894989419653
4.996754127000763
4.8900874603340965
4.870027368428829
4.728162289063751
4.7673246003297205
4.793740722334078
4.65022220381556
4.660473526566883
4.729602314445669
4.6978681815121375
4.59595620460016
4.617781601425557
4.4689720776160335
4.540916522060479
4.613348155467721
4.650263360146083
4.621658862791585
4.729066270198993
4.856711772844496
4.831038372171094
4.854057020189743
4.8315127367758945
4.894756784394942
4.878273267911427
5.015178029816188
4.95676299713645
4.918884209257661
5.007776498119351
5.0002346821097925
4.933568015443126
4.903144735019845
4.89773347960859
4.785248742123852
4.760691576262338
4.79367768737345
4.890674988318119
4.840254820250892
4.893069494507691
4.9539669304051275
5.069230865436504
5.034284628877365
5.1337944327989335
5.397832664579101
5.390337073750177
5.398446114467912
5.525829791050673
5.435552013272897
5.277657276430792
5.274686391106965
5.2264673050854595
5.1501377704225915
5.047392167676988
5.036639479504946
4.78386880601816
4.517515759423177
4.4820219322626835
4.471333526465583
4.302210719448039
4.206972624209943
4.286682769137479
4.222920142874853
4.089239587319297
4.066210147623191
3.9983208297338737
4.036199617612661
4.040502153844545
3.973372524214916
3.90784545868785
3.9937581571005487
4.019313712656103
4.122488315830707
3.9964818746068747
4.032466723091724
4.137041886490415
4.050503424951954
4.100154992896205
3.992276205017417
4.101651205017418
4.200725279091491
4.245493682730862
4.348363035600214
4.34280748004466
4.437143699380878
4.502670764907945
4.596105108342289
4.590736294149945
4.746986294149945
4.834459946664248
4.9152126348362914
4.951838978922312
4.834577074160408
4.839342470054837
4.823006655331924
4.92856221088748
4.806289483614753
4.8931193204445895
4.803472855798124
4.973363728813998
4.910504533411698
4.834564252045061
4.747621087682542
4.611292362644139
4.6804061192578965
4.688896192403141
4.487283289177335
4.357918209812255
4.3223626542566995
4.268771183998563
4.239009279236659
4.130730770464729
4.140600835432245
4.064943440691403
4.114618765366727
4.237024137772099
4.234378635126597
4.210737046829836
4.1857370468298365
4.292879903972694
4.372945263449818
4.444039346038153
4.518801250800058
4.431081952554443
4.581987749655892
4.551973989765972
4.55302617831816
4.506017631309613
4.510977948769931
4.454159766951749
4.520826433618416
4.458326433618416
4.353087463030181
4.146190911306043
4.017857577972709
4.044956575466444
3.879123242133111
3.934903718966219
3.874508096070596
3.747771984959485
3.6877229653516417
3.733556298684975
3.7522344596045154
3.6647344596045155
3.818380292937849
3.937824737382293
4.175324737382293
4.198863698421255
4.079974809532366
4.219632929190485
4.170876130433687
4.210694678820784
4.282648460333388
4.378971989745153
4.480664199195983
4.606854675386459
4.540882453164237
4.6631046753864585
4.5262144314840205
4.56768173610922
4.713237291664775
4.609903958331443
4.771305057232541
4.85909067551211
4.884685913607348
4.909195717528918
4.916603124936324
4.932836891170091
4.944410965244164
4.840675333060257
4.815682860913313
4.765557547630105
4.736495047630105
4.738876000011057
4.672407746042803
4.7112222301697875
4.748567909182133
4.77276145756923
4.648771558579331
4.602180649488422
4.654174951482724
4.667285583666632
4.652382585430301
4.763493696541411
4.783738992240336
4.942648362440029
4.987381407173074
4.930790654930148
4.908975278948105
4.837559508338786
4.8554382962175735
4.861359348849153
4.723138195002998
4.803578009817813
4.867863724103528
4.7549211111609155
4.8332621249858
4.645090081975048
4.650456243591209
4.718415507202646
4.639175526752989
4.613165425742888
4.576347243924706
4.584116667483603
4.749047223039159
4.666991028913999
4.619642544065514
4.492505791928761
4.3038153157382855
4.313540173423295
4.1952803695017264
4.012284874006231
4.0979081316725
4.137807121571489
4.125997852409279
4.130242158827499
4.123297714383055
4.103182771854319
4.085055066226613
4.128183721197373
4.145281422346798
4.048403197372598
4.139579667960834
4.144539985421151
4.147626405174237
4.207474890022722
4.234435674336448
4.24751941024627
4.19890829913516
4.2741434088530275
4.401023108101148
4.492815088051023
4.5707931444773555
4.731124528492949
4.831124528492949
4.9916053875032205
5.136766677825801
5.09025152631065
5.141177452236575
5.223849409908532
5.260614115790886
5.185100919309947
5.064173601014208
5.005107666948274
5.242531909372516
5.246235613076219
5.23842311307622
5.288937221158478
5.0661897239393445
5.009523057272679
5.098303013699694
5.113340607684656
5.148944322854935
5.153245398123753
5.432466177344531
5.4798193617944895
5.342577982484145
5.374338988773453
5.300901488773454
5.18186649407568
5.263619367638898
5.194452700972231
5.14239049678021
4.998988513561293
4.892889933778503
4.741440658416184
4.467577022052548
4.378099295478047
4.320554350002067
4.230021413888197
4.106725959342743
4.050909273091275
3.954150013832015
4.000776997958999
3.8959764570529813
3.9291027510488408
3.896972694725236
3.9944537161193012
3.9527870494526343
3.9662791129446977
3.8936295402951253
3.92323480345302
3.991725836229767
4.073307417811349
4.227011121515052
4.517884137388068
4.601013222355388
4.592509820994843
4.63232836938194
4.608518845572417
4.889836049873492
4.982765342802785
5.130201240238683
5.0915107640482065
5.158517566769295
5.07333238158411
4.960137937139666
4.744661746663476
4.790356191107919
4.761341554950427
4.73904988828376
4.819857969091841
4.617707431457432
4.706420650605433
4.5536428728276555
4.549277793462576
4.4779745353172125
4.556135454857443
4.465857677079665
4.376763975082738
4.397673065991828
4.458710267272932
4.535376933939599
4.418621140713217
4.337248591693608
4.271914323343913
4.295381756294105
4.256492867405215
4.283022606386816
4.182639464624363
4.390476766211665
4.413636402274526
4.314393978032102
4.240730514124736
4.272582365976588
4.301051445916256
4.382423994935864
4.361671306763822
4.546537207146963
4.7547071417874855
4.772694946665535
4.91803544845765
4.8868729834716556
4.9665155631142355
5.009162621937764
5.02359263636778
4.962281325056469
5.021347259122402
5.163013925789069
5.089680592455735
5.0720038247789665
4.919568657163534
4.7941376226807755
4.747686009777549
4.700746021661091
4.688119759034828
4.682791540791009
4.6254322334317015
4.580923438922906
4.5883639151133835
4.409197248446717
4.541773006022475
4.417687321591962
4.436577179191498
4.559076114908824
4.5418297380972295
4.4381037994656305
4.334486986171398
4.3119117353352765
4.630093553517095
4.642990378913921
4.567622731855097
4.67824101142499
4.708998587182566
4.711872150400956
4.59002530355411
4.620457402319542
4.663418064845422
4.789029525362543
4.801484722495159
4.7186855771960134
4.490830099340537
4.584174255184692
4.643916902243515
4.61246528934029
4.469131956006955
4.464229995222642
4.516257022249669
4.6478087463876
4.639872238451092
4.610342708921563
4.659715468778194
4.76214602433375
4.742274229461954
4.822293168855894
5.065596740284465
5.025715787903512
5.172382454570179
5.155062193132271
5.204015558262107
5.12690827856862
5.222146373806716
5.180822441178435
5.332736944194433
5.464433372765861
5.452591267502704
5.286172616709052
5.161082429118865
5.240778196314633
5.152542902196985
5.278931791085874
5.367092813070426
5.323010687466561
5.296841661297535
5.236640992401214
5.0103537295285845
4.81735922403408
4.89679392188983
4.878232733973803
4.74439435013542
4.575412868653938
4.599922672575506
4.478212146259716
4.3176939205241
4.283322592674511
4.2180849412299635
4.2803560035010255
4.4541286133201465
4.666921255460616
4.565069403608763
4.676731934626132
4.8282470861412845
4.9060979633342665
4.919823453530346
4.921494297306452
4.935414968549778
4.900306330499963
4.886240994746787
4.956181470937263
4.763403013164925
4.690033447947535
4.686134812469953
4.61503924137438
4.5201907565258965
4.440445939938973
4.477945939938974
4.524771336764371
4.482921921559693
4.52062931220826
4.511149968688169
4.417399968688169
4.460711372196941
4.356544705530275
4.328035933600449
4.238875094439611
4.093319538884055
4.142832525897043
3.974173105607187
3.8506281320622127
3.9304892431733243
3.873010610694692
3.8255942427138074
3.876520168639734
3.9315796924492576
3.9359656573615385
4.0464729037383504
4.215179197444644
4.366568086333533
4.385481296779001
4.480433820517132
4.583443079776391
4.611220857554168
4.662289233622545
4.751641085474398
4.739930845822981
4.732787988680124
4.692170139709872
4.724339661009828
4.655526529696697
4.722193196363364
4.766237861375771
4.714286863190653
4.770536863190652
4.785494128147918
4.855785905336246
4.824304423854765
4.797588737580255
4.864255404246921
5.085269897000544
5.08041364214429
5.289378288608937
5.235969197699846
5.396225607956256
5.401050169359764
5.420590399244822
5.472299800954224
5.396971393729264
5.468929065686936
5.428651287909159
5.40550313976101
5.370720531065358
5.384043809094518
5.3014680515187615
5.255710475761185
5.099460475761186
5.1911271424278524
5.0740560483452635
5.032852344641561
4.9395983763875915
4.840575177364394
4.897519621808837
5.014417769956985
5.133465389004605
5.101148758648758
4.9469820919820915
5.0743894993895
5.099687118437118
5.1448260073260075
5.288785442952109
5.294572479989146
5.427112162528829
5.447233245149913
5.569108245149912
5.450968001247472
5.161920382199853
5.245870999483803
5.2921672957801
5.225668979281784
5.093800847413652
4.9991827918580976
4.830531998207303
4.783778122238311
4.7223495508097395
4.786755868892528
4.609398412752178
4.583064018973457
4.703064018973456
4.541952907862346
4.641489944899383
4.508914187323625
4.566179144588582
4.675843496440434
4.709893675651903
4.691543384954229
4.76648962151337
4.854199705546983
5.018015495020667
4.997311561273255
5.02536034176106
5.17536034176106
5.159928242995628
5.368261576328962
5.462706020773406
5.368666668921553
5.422780740917813
5.488380939330511
5.533562907899577
5.501816876153545
5.489316876153545
5.6190787809154505
5.629918889316535
5.662210555983201
5.6263606034665825
5.478924706030685
5.4886844657904446
5.502801790351849
5.408789585927745
5.32896663110479
5.241893981532139
5.15439398153214
5.231317058455217
5.181048241250916
5.149302209504883
5.129403705231379
5.038793864621538
5.068945811440153
5.0296721627915035
5.091075671563433
5.178341249300881
5.272117097108986
5.174061541553431
5.09720968970158
4.949773792265682
4.808375942803316
4.80771456714194
4.746096598547228
5.0338218237724535
5.083397441056404
5.1013372558712184
4.8892160437500065
4.986160992328348
4.932649567597165
4.957649567597166
5.028152213099811
5.0219106476477195
5.185336573573646
5.24552175875883
5.30160931005842
5.00947968042879
4.977188013762124
4.8157822898564
4.901091907774713
4.761618223564187
4.795071749205213
4.892615608854335
4.875838200216461
4.842085339804561
4.828659413878636
4.722968356968067
4.675480611870028
4.66388217132422
4.662030319472367
4.767549799991849
4.7663852037185555
4.665627627960981
4.606653268986621
4.586857157085246
4.711372660961215
4.768308478766598
4.705345515803635
4.71801331690025
4.648493389364019
4.792499237317235
4.783239978057976
4.8302324592609835
5.034295606258913
5.115395062358369
5.003800859459818
5.0156684963274545
4.9323351629941214
4.86090659156555
4.828255519440794
4.8952371085880815
4.9553820361243135
4.85815981390209
4.829270925013202
4.678798590330341
4.462711633808602
4.393963956365272
4.664708486061208
4.560396131748854
4.534933168785892
4.614478623331346
4.560092658419065
4.419467658419065
4.4470718250857315
4.395902234442457
4.391165392337194
4.498613499785301
4.460042071213873
4.604177034981988
4.5056036312615255
4.689381060728611
4.769531523691573
4.781940092134625
4.856940092134626
4.84468519017384
4.78374769017384
4.952201231434399
5.021180497782087
5.003475980077569
5.212911606179862
5.036167946759572
5.074896579238204
4.9406772305792
4.986823063912534
4.9442517569734115
4.934602634166393
4.992312081581724
4.967312081581723
4.831509612445921
4.84575925169556
4.8251039810402885
4.715410954680596
5.086425447434219
5.058914763673535
5.164238837747609
5.0641238952188745
5.091495565134403
5.211065322862056
5.262832999629733
5.312312166296399
5.259146097001298
5.207320700175901
5.220283663138864
5.186017253872454
5.051642253872456
5.015432967663169
4.971013548243749
5.0233865552886146
4.93786023949914
4.914844366483266
4.715770292409194
4.632560967012368
4.778689999270433
4.825356665937099
4.792023332603766
4.782569551091162
4.591018625165235
4.588766372912983
4.6805274888676465
4.661427319088359
4.676778196281341
4.44582581532896
4.575455444958591
4.653630048133194
4.5791856036887495
4.522836397339543
4.599919730672877
4.553609101157913
4.55409643059261
4.478338854835035
4.309408464342675
4.40589969241285
4.401457497181181
4.512171782895467
4.6889394596631435
4.727828348552032
4.782737909275547
4.752527975839807
4.669194642506474
4.812691972788701
4.954797235946596
4.994569963219324
5.062146311497426
4.992901229094449
5.019500109141605
5.288703007692329
5.071531290520612
5.0185009874903095
4.991369204544573
5.1013851344529755
5.12720035184428
5.09807549119768
5.131408824531014
5.177597754648515
5.2615150052324315
5.254444298161725
5.297547746437586
5.144521318475098
5.258596856463679
5.2548089776758005
5.2736261819768755
5.291473739679507
5.380241855621535
5.513300463680143
5.399265375960845
5.344189499456398
5.327908933175832
5.239020044286942
5.2277870244332325
5.253277220511664
5.328494611816011
5.477574698396098
5.642090827428356
5.587592035157825
5.677238499804289
5.515333737899527
5.56312950937951
5.564350510600511
5.508398129648129
5.604551975801976
5.793945915195915
5.766934420943042
5.64582330983193
5.576410867435617
5.476410867435617
5.565531237805987
5.387649479041875
5.470982812375208
5.4489868344968775
5.542317115327158
5.615369063379107
5.471235419245463
5.168603840298094
5.2097178986535315
5.179803368739003
5.191676128595632
5.043527980447484
4.787244911664415
4.889369094670951
4.776035761337618
4.819399260583471
4.750780379464589
4.634230262914474
4.6513458633634075
4.760795624128957
4.6367972266930595
4.63811698536576
4.456464938582134
4.5768353089525045
4.84052578514298
4.741959476899253
4.855292810232586
4.955720160659937
5.087404652638546
5.133879011612906
5.303632098032658
5.503758360658921
5.538962835967563
5.722319511971297
5.956370548653914
5.94016684495021
5.951277956061321
6.077622042082826
6.126233153193938
6.052159079119863
6.008644750311418
6.036198513752278
5.959275436829201
5.779711944765708
5.7867265351136306
5.6041868525739496
5.491023973786071
5.493338788600886
5.316751487013584
5.129251487013584
5.002515375902473
4.865119915926368
4.726978890285341
4.672639412558767
4.551149791069146
4.421685505354859
4.352405751292498
4.303794640181387
4.253223403622247
4.1143345147333585
4.099810705209548
4.107623205209548
4.19765296711431
4.204141658252612
4.214718581329534
4.2129190242974195
4.2917665053188125
4.37063555293786
4.404020646105563
4.527126706711623
4.469124225322045
4.50865413985196
4.578237473185293
4.630610158370478
4.461842651367677
4.559797350488705
4.6621558410547435
4.63865777903924
4.529728372774629
4.481012833927513
4.4320201599348374
4.413080765995444
4.39491837283305
4.363324966239644
4.326993665426635
4.376927527860498
4.36712360629187
4.265260861193831
4.209330942056366
4.168358719834143
4.197779269415983
4.164153538421831
4.165527164795457
4.111179338708502
4.203771931301094
4.246761349290511
4.279620427881297
4.3049180469289166
4.476635218646089
4.64385744086831
4.776677235452811
4.858158716934292
4.8968161243417
5.0912605687861445
5.2410621560877315
5.2224933155080215
5.197678500693208
5.063419241433947
5.025456278470985
4.894847304112011
4.672204206468913
4.519426428691134
4.380834628334628
4.35768648018648
4.366393745143745
4.176999805749806
3.968132284382285
4.014382284382285
3.917715617715618
3.963350538350538
3.9254588004588
4.094262219262219
4.156682398061708
4.271061483029029
4.247071584039129
4.133976345943891
4.140524457330712
4.088251730057984
4.29295258475884
4.2883692514255065
4.353964489520744
4.471027981584236
4.470493793550048
4.368311253867508
4.417161828580152
4.251195442025531
4.260810826640916
4.299559659507396
4.24619153806527
4.272046238919971
4.1618123207913165
4.137506765235761
4.111336814496846
4.014114592274622
3.8877257033857333
3.7926860208460513
3.74275785992651
3.726884844053495
3.6997255997889873
3.750082106027847
3.755159136840172
3.8691192508002854
3.825060239636011
3.7655364301122014
3.853090309422546
4.030669674501911
4.217924576462695
4.270702354240473
4.260285687573806
4.469412671700791
4.549456531349914
4.439899421792805
4.542442711836094
4.528739008132391
4.521303542363591
4.589160685220734
4.5855148518874005
4.485514851887401
4.474522576189243
4.4469584736251395
4.416655443322109
4.288877665544332
4.221035785202452
4.325542389709057
4.236964301130969
4.289151801130968
4.2549206002331
4.28071425102675
4.31281301645885
4.188275979421813
4.085161501307335
4.093975603871437
4.177697437593271
4.174919659815494
4.181928206824041
4.18041305530889
4.201170076065909
3.9981982623404195
4.098242825620276
8.508560285937737
11.268591150135267
11.361183742727858
11.465486574971868
11.542079712226771
11.51517606032312
11.48554643069349
11.472516127663189
11.532986213133272
11.58274201288907
11.720192993281229
11.679558318358628
7.224002762803074
4.375307476607786
4.44475192105223
4.511745385104519
4.500330819278188
4.684599981488527
4.765618500007046
4.85233674629976
4.833224685521032
4.775532377828724
4.820019557315904
4.969416487140465
4.939929307653285
5.0484180411420185
5.0833642777011585
5.090139345451837
5.171741077053568
5.050462936167584
4.979629602834251
4.952886104016284
4.964593213424543
5.13125988009121
5.187883811715142
5.197258811715141
5.293412657868987
5.2219243635546055
5.239061460328799
5.293397503689232
5.4591172006589295
5.525525006314047
5.5735408793299195
5.571804768218809
5.533772313857754
5.421159701245142
5.446953352038793
5.356953352038793
5.169453352038793
5.103412508824037
4.99924584215737
4.83892838183991
4.504236352854403
4.470544596582001
4.435135561172966
4.360482783395188
4.353662664043099
4.355914916295351
4.110985463032565
4.064006296365898
4.1515062963658975
4.204759415795488
4.224980004030782
4.266646670697448
4.458977588571845
4.470088699682956
4.565488398023831
4.632948715484148
4.735847266208785
4.693429848791368
4.915090903785757
4.875554918937271
4.98349142687378
5.054016411061002
4.989212489492375
5.099331537111423
5.045164870444757
5.055350055629941
5.094565741904451
5.323980424444134
5.323490228365702
5.4762680061434805
5.4133562801882755
5.465733500668946
5.38426758096773
5.390539982401424
5.409825696687137
5.31510073773804
5.255841478478781
5.133156293293596
5.037141800539973
4.826377911651084
4.795915726777134
4.610018290879698
4.575960319865206
4.594542695344133
4.675318483920433
4.639207372809321
4.795535693611327
4.836785230133388
4.957155600503758
5.0628654770469685
5.069594255514878
5.130705366625989
5.057634759072623
5.071017575087017
5.139668368737811
5.171890590960033
5.097183896688121
5.2329682104136115
5.039078313256927
4.996067560568755
4.805095338346534
4.721344921262783
4.6995195244373855
4.481116746659608
4.465139735165355
4.455836173230214
4.317740935134975
4.178574268468309
4.082840141484183
3.8928891610920253
4.109280965189977
4.167076664114707
4.0842393625274065
4.017637045925089
3.865234643522687
3.9155818657449095
3.92581175080238
3.831114781105411
4.050559225549855
4.123475892216521
4.356114781105411
4.332830467379921
4.193186747573157
4.053035232421641
4.185540408405079
4.283424006288676
4.523127995992666
4.644655773770444
4.5890750115199905
4.7721558196007985
4.728038172541975
4.757621505875309
4.614647649666159
4.620886508846195
4.643055312264997
4.805429049638735
