0.0
0.0
0.0
160.06666666666663
316.93199999999996
470.6600266666665
621.3134927999998
768.9538896106666
913.6414784851198
1055.4353155820838
1194.393275937109
1330.938498633541
1464.3937237585071
1596.4933119097625
1725.1360823126097
1690.8994502105681
1657.7338348477344
1625.9047200674074
1594.748593467333
1565.0676266974272
1535.3193969620409
1506.4045091079033
1477.6350670539878
1449.9138196678184
1423.8827051054532
1398.1979028008918
1372.9679223357346
1349.1538866183735
1327.3952735116495
1304.925249983529
1283.0973434615873
1262.3011602236813
1244.2370165786594
1226.942975051497
1213.7153494368688
1201.535947267798
1191.4817659762764
1182.4631161461773
1179.4743529916989
1184.5489129820066
1191.147547258968
1202.3072339029175
1215.7903164791494
1231.3497322676708
1247.142021058987
1269.4235220387013
1290.511346657114
1312.9766916823799
1338.5874187852512
1365.061344846826
1388.9758822236254
1411.5946539334657
1435.2085361031857
1458.259625247906
1482.0635241919838
1506.087366189786
1533.67500449251
1559.494567241158
1585.3503682723695
1613.0895875878489
1637.6548267069095
1663.5193937703978
1690.5828877685183
1718.450466602381
1747.692097156548
1775.792952237219
1807.0145942727368
1837.4850252613862
1865.5952057077727
1892.915635463166
1924.5914132676455
1956.1857158518362
1989.3413760744832
2018.6592541272692
2047.6107267356401
2082.981466756885
2115.9981838374856
2151.2906303759523
2181.296747697831
2210.8849346277657
2245.984119000495
2282.4100405224526
2319.0849042430286
2354.1046624859596
2388.2885031953406
2426.9588294439727
2466.100504264278
2501.030272950221
2534.4264159078452
2574.2304850445103
2612.18183722762
2656.2639778431376
2692.233736599884
2733.9177649316985
2767.255186032736
2802.2944577034045
2839.506892385773
2884.0361236376316
2921.870838411021
2952.679263706907
2984.970675161925
3012.328277234436
3043.6163353944526
3076.025047293461
3111.6851064006755
3145.7457047840194
3182.6455590435194
3218.6383418507025
3251.7397060571275
3276.5445974943927
3301.7616503885797
3337.3554876928015
3380.5902365029638
3412.052969201865
3454.2658374089756
3483.738583987722
3512.937528993429
3529.9877351439395
3558.0443990891795
3585.4179463710166
3611.5490642887185
3640.4515749571533
3678.3826657158893
3714.1191188151256
3732.4887999619236
3761.720542480661
3784.866103097127
3824.551828870441
3858.524805255703
3895.78945830026
3925.3537468614845
3959.638130449606
4002.2108723882616
4045.6190795073617
4079.6185681994225
4107.54336536278
4140.318411280003
4170.698358002865
4207.037928395243
4225.989222248153
4269.498150787027
4293.2114925749565
4324.274304214955
4356.022395254881
4383.502814946035
4402.0195188008065
4434.7632102723155
4466.940454447052
4506.213923171213
4551.270145092938
4576.057685550619
4618.358728502265
4628.468772533511
4681.334837356155
4718.652869573599
4745.982486101034
4789.416051917588
4821.82903609872
4848.809484986204
4888.762589680143
4911.7668527771975
4949.881528233457
4999.723482917341
5033.732424630497
5083.894152405201
5111.122054212482
5140.224440155827
5183.711827837235
5217.989322919666
5281.330301090276
5331.57584225495
5371.109439687868
5435.623426823812
5458.060210944933
5484.2716816756265
5527.2025062067405
5548.892100514557
5592.590010941414
5642.767341155831
5687.486407690702
5728.315593337447
5752.524592477207
5804.862397655718
5842.017445706224
5882.281886988271
5940.839883531862
6004.071665062914
6081.508625138357
6139.64681577517
6182.74782449899
6242.454488311304
6301.272604609595
6346.307348260769
6366.711610832016
6423.307944410419
6485.512750231971
6540.357075427558
6590.679521469751
6626.560472973404
6640.043708206661
6707.494295901499
6762.771678764285
6798.242109300675
6830.703504720371
6882.556333806239
6961.11601377579
6993.052477497603
7022.2884236255295
7054.118997837497
7103.097501115633
7166.449113248153
7205.163331391287
7233.715513248924
7279.161563268447
7323.5921062228035
7386.89635991792
7423.391209811226
7461.18851927881
7529.492888251156
7596.818917953798
7651.025384971228
7679.026468523475
7721.2272657985895
7763.298037637607
7798.405188487555
7844.54246962532
7890.347611777036
7911.611214107571
7945.607707115202
7965.3030978776405
7974.00739088795
7996.4022451531155
8017.280421686217
8072.259239694209
8095.192410623578
8138.061746112425
8198.287146678153
8222.95378847009
8238.928063778128
8272.400377594215
8335.799567778182
8402.356032705517
8464.296112444534
8494.986613649653
8495.541935653719
8530.469868759725
8567.233989885359
8603.872233761003
8660.582730479171
8671.920057047635
8695.1746774085
8755.560357228183
8797.78476224172
8820.160954346376
8817.179874416986
8837.413129009601
8891.349082653811
8893.054565795917
8912.345945498482
8887.39975796078
8875.57092107933
8920.416378252028
8965.262226408322
8963.798948512567
8991.146244762824
9042.544582639452
9065.722599312872
9094.962529024377
9129.339686018817
9149.781131802521
9174.72889551705
9204.111526445575
9299.041719386789
9325.32497637801
9375.10833650725
9406.068119124182
9388.11384486165
9424.63774812065
9515.107001224891
9593.288027189346
9591.810406650322
9653.604979656488
9663.040764553467
9732.261317067327
9704.479590415176
9755.996057275277
9719.967668255167
9744.407409088175
9799.739545455683
9792.68335486118
9764.89825344526
9745.46802858223
9798.481749373037
9773.967208293367
9866.42030185065
9888.509932911573
9919.763594831613
9903.52351330766
9975.642904516915
9953.650043080623
9972.809021005392
10062.132971672307
10096.931347753401
10042.639630955147
10050.198867726662
10086.935189251535
10071.439777001118
10060.364246746965
10053.93445531323
10062.465723558613
10011.854958415033
10084.56964823148
10131.635775505776
10046.885396985877
10054.601041528756
10111.805513905025
10221.133687657906
10221.552672974527
10271.408317873475
10307.692359258805
10245.455097591812
10349.415256322543
10371.674644975761
10290.009081207252
10285.395818938778
10334.810961929452
10411.171049883007
10489.008210409958
10483.508590195852
10593.21734244188
10568.498850588889
10643.00026274282
10748.54902125152
10726.561718156541
10866.892340016371
11063.244279556884
11090.377163620835
11110.193696981869
11129.436284873598
11121.61592189533
11220.584958513884
11563.820022471371
11590.593837108512
11628.174727819898
11600.479220086696
11499.652027125549
11413.712449654055
11368.487770044036
11288.233876473387
11704.78579838205
11647.841264863635
11694.351641243697
11614.182828610947
11870.143625963925
11874.705238992754
11992.617148531155
12018.795243426373
12145.937127802456
12251.735783074759
12196.581832067395
12534.39016990434
12222.658619166405
12207.062553862983
12179.43840069575
12310.641083412303
11671.637980744083
11711.898858638315
11551.300346935224
11628.395147924884
11720.4920862997
11746.129802135494
11887.543169762723
11609.322643760095
11454.983911815862
11428.079731016458
11616.250838754002
11463.72522105169
11492.241075596898
11495.042488949859
11402.290013559303
11460.946018844974
11408.327215498452
11396.35733693345
11276.760529950248
11248.285582331731
11337.298695106307
11607.203003039265
11454.174492167678
11472.91284862315
11494.372348548439
11610.421545598823
11711.300845367214
11608.626196398158
11486.014508471637
11521.3053514114
11547.001102248383
11651.653275750688
11601.160831133993
11516.38558560514
11530.319795846226
11563.288951066397
11790.370794565182
11643.54709429459
11754.510873465011
11754.44882078147
11903.442331833861
11706.54224131922
11786.790891602335
11807.541999306275
12021.276449836107
11927.972963312148
11966.577569095361
12165.2355899799
11984.041291037625
12092.702355257456
12082.646696639456
12093.842439413425
12020.41338848985
11961.060360605285
12034.628607911482
11839.532420511443
11571.566817849865
11807.553324523156
11756.605612942521
11400.115508983485
11314.555805793194
11331.313237619075
11210.227005874787
11319.622061473412
11198.440131411677
11287.764156168203
10973.88723553267
10926.556732946983
11377.664107755483
11476.3659972666
11357.59532237287
11236.307168904343
10970.5349466244
10598.430921506459
11095.961649533338
10725.10056391124
10580.573236746912
10692.211300247165
10605.02001971895
10762.358297013907
10509.79015524011
10207.02154444566
10404.79336418601
10497.81291843876
10476.981755557566
10482.713946861035
9741.60897958889
9751.629275766498
9804.487388515425
9483.607768236654
9493.171094856172
9363.222047022862
8898.436807662363
8751.982774399186
8537.045752677188
8515.832402354697
8597.71878578394
8825.139016041545
9150.04206319552
9234.731952382694
9535.118538969115
9533.539051539055
9555.712059435578
9714.75278050885
9940.415149659451
9967.770955918619
9936.853404511601
9819.73714283595
9788.289117844297
9684.682339645942
9514.478170007018
9606.818860253186
9225.925863949644
9153.204829721102
9169.82848721202
9060.462052966064
8805.652979983375
8818.132313540029
8740.444007738328
9010.348491215262
8940.318278392215
8666.059426187232
9142.07731806642
8966.149532830323
9765.187316125293
9854.027067324907
9593.11254961123
9821.544226505623
9859.842990136927
9629.613776226068
9540.094849041518
9393.010021560443
9404.565998010441
9599.571260418194
8879.23669726123
8859.418438742945
8330.367709609864
8246.557271005204
8496.006097731199
8132.5086778306
8257.521381329274
8214.176399206006
8243.882845823277
8223.911621822144
8188.950325273057
8372.119852770553
8268.95219928698
8168.614457466646
7796.438660754364
7749.982077918157
7770.779416015044
7998.269030020074
7832.336674543669
7847.082119428097
7807.45337259552
7547.3308181099665
7801.074865331616
7456.409840636734
7905.901029449661
7789.067727641307
7829.8460668445005
7906.961114723402
7723.745555635823
7985.961551938207
7914.623954893232
7757.665804613255
7845.23196978268
7953.8549837418495
7583.235180074058
7533.341496266738
7176.91704789075
7949.4028860267545
8033.495324495248
7901.84883788414
7986.918301918104
7507.674962839076
7579.2488505481715
7620.359673620468
7522.707696449167
7597.896161185177
7593.528178918529
7612.071618928002
7477.600355336865
6730.058375348405
6629.397224331226
7298.339607513405
7204.381172964615
6990.949793017234
7156.191673539288
7259.69784935276
7099.815545039705
6876.340769194078
6924.833112640306
7012.793832638534
7120.465003224567
7198.61831211731
7223.130324845558
6508.309853289061
6655.237072431093
6639.277752037728
6336.267701095695
6476.0661677709795
6497.937319393684
6502.8761710813205
6510.668274468794
6363.165493683852
6323.597055593204
6320.42685794723
6332.851409716787
6444.243819367872
6219.939662424834
6363.307165244775
6788.420493413535
6727.758617410026
6693.270491407539
6981.402855081983
6854.343551991624
7012.182227439344
7134.651661582222
7002.639885456711
6897.337418046157
6896.197601151729
6955.623071395298
6889.515024365501
7062.413734049813
6966.800145699493
7032.286981528108
6678.5341894764215
6680.636410035415
6548.721056585105
6480.897673828312
6585.955124003554
6634.777581592213
6746.547067794418
6840.227288632708
6853.5270218749165
6357.7241313283075
6302.709739171045
6385.570187439883
6485.9503249686795
6568.587492909886
6525.143900626811
6484.2994648805825
6456.9922473816305
6480.63227987291
6296.507241587967
6310.8084619630945
6128.92397095019
6201.982634235338
6279.111566947351
6163.5157715377
6133.739029029132
6338.625579568924
6499.210431201129
6433.116646601245
6368.455892023324
6239.5871493473705
6607.516661756813
6450.498628868518
6477.6450532317795
6305.116442574564
6227.89094873031
6183.503119241929
6417.8677826814355
6281.451923353524
5987.314984677073
6036.650128510696
5964.604498348205
5913.879161705162
5599.83812617624
5515.240051049882
5624.897952129492
5647.990052847504
5494.7585206844715
5510.914744016732
5182.707314265185
5025.275016714115
5100.094941726393
5054.418535641072
5151.58196979064
5119.255086744851
4916.747847437372
5171.263554815496
5101.959765537974
5086.350973891848
5021.156733894992
4998.779814785482
5024.947164853804
5026.0220653917795
4956.243129039594
4924.356934624235
4883.249943696195
5002.899895506306
5139.955494976156
4994.205687423976
4970.288684696767
4977.966783455116
5111.738728208699
5089.9542766624445
5119.331406472295
5130.337488406293
5094.343000884127
5065.529388315334
5005.069596729835
4918.6918756473315
4861.383137341922
4705.841206488322
4648.446383769576
4564.583840449998
4536.308008243355
4631.222424335936
4610.430232401686
4537.126288962668
4582.478964035604
4570.944127276498
4650.695596362394
4712.108278618259
4646.378284012852
4814.115182737071
4858.81135407868
4942.948701217542
4912.649737484386
4746.939083586568
4849.891349791828
4982.07431201629
4997.463568428239
5082.75557657191
5002.240544323323
4970.761330721171
5073.1793972709265
4960.0646486437245
4980.185343181829
5065.29610958969
5105.748896331936
5206.912732160677
5009.024428239568
4901.632563131056
4959.932571976773
4906.885916935158
4957.9125158065945
4951.9551573869885
4957.339268922747
5004.757583409762
4975.908642098305
4870.051758808457
4823.877080973239
4809.882243393947
4966.943983750527
5157.144153573369
5130.58060542764
5108.989157430139
5029.581717043438
5018.259048066599
4966.852471724777
4921.9842241019505
4985.387006333415
5057.170156088274
5078.1938470914565
5104.195125214877
5042.2782743884845
4936.91467127044
4986.8343076820265
4965.559889116954
4975.605482183057
4958.096297208064
4990.519898201736
4986.4694642812
4816.960533691422
4703.147927669924
4715.683304479622
4710.219682440208
4671.681292424907
4593.944605668368
4540.393452307487
4521.277591961228
4580.33856972838
4592.30963978911
4500.811762262266
4458.495771740804
4510.170480893496
4544.175448163318
4482.7150174684275
4425.647178407779
4475.521962780264
4524.327563119806
4495.590009906219
4586.252573733005
4575.350468607413
4491.5478564381365
4456.168153854692
4455.441846727911
4498.969327195036
4528.002707927012
4520.540737344348
4452.293953027955
4356.0958520016475
4304.702239213721
4325.982230722584
4230.352173265044
4318.648750432784
4318.369662017257
4357.718012143347
4357.907896901869
4329.347439685955
4245.124757458864
4260.851203081263
4365.761269229224
4384.1702116253455
4422.475181676672
4434.243162705251
4495.892806719121
4483.107038162471
4592.431972015723
4581.715611432308
4574.803534692704
4531.452662037654
4635.020421238613
4688.368883501964
4627.28057468498
4668.111973589218
4643.360762740068
4576.148377050003
4458.853630997679
4357.400942734017
4255.039526000477
4294.202422253286
4356.798476767188
4402.673314690196
4292.072941633228
4198.672659372845
4277.458031585888
4244.86148779076
4217.775469566554
4283.8988060434685
4361.84954576848
4423.903974158145
4496.830922273891
4444.954643161695
4367.679362621077
4329.529353466826
4423.447921612027
4452.803839005181
4377.9211302865215
4367.779773418963
4348.985512226555
4321.114984549055
4303.86597157773
4207.292754681511
4208.872792420288
4266.175560843648
4277.383042127003
4311.357565118244
4254.520658909646
4250.313235164973
4221.856446950426
4248.806993861953
4333.000344390697
4304.677442529496
4333.340917994454
4342.465700769524
4363.2187284713555
4309.455398819225
4308.464928076196
4254.416714691811
4229.572270475043
4258.424783246216
4268.623426064805
4207.355523210129
4123.8831795054075
4135.056968975905
4045.3944969515146
4053.883361159844
4050.209265966863
4085.6942424395697
4139.826363327837
4158.499796149774
4232.114144005581
4219.138720215496
4231.789806727493
4359.727515802566
4388.371906953671
4367.030522287255
4416.802855712592
4549.891055516554
4527.850141728685
4509.938589931727
4418.426445318052
4416.979829376607
4361.889626481055
4365.859939157677
4382.428294515716
4318.635181508542
4322.780175273095
4384.087667648004
4405.184110166496
4292.154929378815
4264.645925197527
4285.103755699641
4334.927537470706
4432.833791122681
4425.380345208777
4391.213626271668
4410.886360857327
4525.904403899571
4488.98056932935
4455.834692870018
4446.555070840265
4457.594642177268
4433.656624193597
4327.565472300875
4344.525684549557
4234.976614103686
4312.371196369473
4380.4440523633375
4501.516177595596
4366.961007532066
4396.878439554943
4411.800634001637
4396.115536706447
4372.954544910976
4497.013429737985
4607.855566087822
4572.043423807526
4593.175857608589
4505.1334419913355
4543.875441507753
4411.634707028141
4322.376025722971
4348.334921961413
4253.219478642065
4375.744271094735
4398.203542892358
4298.432749622951
4283.525644999171
4228.965880786193
4243.316252751178
4258.115554551392
4246.840223767568
4224.6014968078125
4320.372543852953
4262.413674008013
4331.611863574876
4257.450339225222
4292.815220574336
4397.1735718199625
4536.498128714081
4574.994031366728
4576.9112348805065
4731.552269551586
4776.07736895366
4850.89362784565
4884.136918547081
4935.311084071238
5015.031034067989
5040.019629917131
5003.802741981178
4955.444345278131
4868.760123950689
5001.986162870483
5005.753270818848
5112.80115178801
5023.467680765279
5097.278451218924
5117.005824066954
5196.746115883787
5222.067350256807
5254.871738157385
5324.65085890364
5348.055265367195
5374.22289391777
5364.646318546559
5412.6489774382
5229.020996584779
5231.142330529741
5109.291073306847
5077.513078762012
4999.4177465445
4944.579142966685
5029.360710341367
4928.813293161743
4790.164237269334
4734.121592029094
4669.8638947223835
4605.163910512955
4584.592254556431
4743.774975449857
4793.191677062852
4910.345549915673
4973.961938046722
4927.395113410014
5017.504294514428
5009.180445688265
5179.038313671315
5200.931917864314
5108.436915403907
5325.278219569992
5469.925666171366
5348.309985292387
5326.1712080768675
5283.008380055309
5290.719531137021
5392.248364489394
5166.315551162883
5317.033298320169
5269.32819823825
5183.974194631765
5271.6712989604885
5086.760702286131
4891.6932306715835
4991.719683753654
5017.612184803922
4846.394764999469
4862.064897739738
4791.859187283889
4690.083508247231
4714.298542216404
4748.306618275005
4952.6492964849895
5035.611077952631
5010.64889389712
5132.308565615294
5132.37165438273
5132.832328225632
5184.7023764983305
5149.937963023514
5312.78762889723
5438.04063892135
5385.020208876194
5289.712201523357
5288.785957895427
5271.647523767827
5351.574357494349
5219.774602878865
5132.086593159135
5060.756997487457
5103.21687589673
4980.462512993315
4913.620937850584
4937.568083382117
4877.489279010632
4944.878580318983
4883.926618903382
4879.008226476049
4885.029785493565
4962.299024611562
4992.341375904296
5054.8291786423015
5140.213584300948
5228.87133588186
5307.249698845901
5411.259161216402
5572.316100020121
5567.748609466994
5639.507675694386
5634.3375460471325
5684.052308624897
5684.610967374146
5746.706464003219
5832.667723734281
5777.92898705915
5702.189986288042
5686.614431761026
5535.876237057367
5428.595525568589
5435.278022405634
5570.2394837960055
5544.2251504279475
5496.6291963988
5538.137233426
5407.444098427514
5319.677963257848
5360.285999034138
5555.91461863315
5455.903863435774
5511.690957084501
5534.106480408245
5532.086250227459
5307.845403623299
5493.915247207197
5462.485966166382
5478.603502376821
5554.245197032895
5777.199716446197
6136.042642912805
6155.897095451627
6308.258663608322
6339.959145501787
6340.306984696934
6474.62309108341
6601.705123121385
6450.872561202465
6671.296837898608
6671.41939639326
6673.145335779039
6814.281392128975
6470.855747634
6443.743453473184
6205.446691907712
6129.579364522547
6058.82003547226
6043.505208749314
5890.480026477754
6193.606205259122
6090.762790636901
6097.899780738556
6183.468527232247
5978.667432372603
5910.426327220674
5961.200106593107
5991.105005508888
6154.7101829393505
6149.608216575001
6092.42673062813
6112.359545882184
6029.058618893799
5964.746853645801
6079.832485741487
6110.68116728462
6022.107633050734
6292.179613777779
6130.558628869127
6257.808758877004
6190.7253206408395
6323.7994096839
6498.016494297285
6579.702097141813
6484.438170197548
6551.169325381244
6442.362099297922
6320.740674226957
6368.008707243357
6296.967891391237
6466.836031173981
6587.133155129707
6782.196875457812
6940.438117163027
6781.05794611217
6694.642097333683
6672.734437764349
6749.931268888759
6827.7201155127
6798.392097824191
6871.374499568737
6913.985142295417
6828.591080581985
6596.546129780585
6429.776078704222
6217.398806488008
6379.051479505398
6445.441153482786
6358.211633912256
6335.56403846085
6285.039922136817
6406.89349585322
6347.692353724388
6487.865862398147
6485.002618490685
6739.134114604733
6838.912133011853
6853.582784627125
6813.719832893551
6830.090057580282
6891.398542097959
6792.980809167693
6818.436090969312
6729.850726601573
6630.139485521485
6425.960847520849
6705.004514188495
6635.904307992335
6583.312426542286
6672.294667768439
6555.194305154558
6683.801478185133
7037.718216439661
7278.887625301083
7253.902921474648
7372.399170430432
7487.280137064664
7444.027293542883
7625.89203885043
7599.512947528277
7632.888539992167
7657.915651095732
7679.465619736257
7517.710692965411
7136.895848162184
7013.062064679965
7216.025007057217
7348.778292087947
7401.638475529476
7437.255219617804
7125.024599025754
7194.982956714989
7145.090937334212
7154.352772483908
7092.790555758208
7245.261474728116
7187.501852654325
6982.55834874337
6856.67816969371
6785.3973686460695
6752.405690607263
6763.490906657233
6779.871269048509
6771.417510148397
6810.861766012139
6955.391404895232
6966.6396116013975
6919.42404836615
7057.318821447471
7235.890951194267
7295.354610173435
7336.23748362418
7352.493541786648
7460.5280387977355
7402.729991636207
7397.366636830008
7295.1699029882975
7132.199143255498
7360.383566688543
7446.328427360611
7514.768228715698
7418.693237994207
7266.852419536241
7189.433458756753
7131.591834737446
6918.703386089751
6862.4615462755755
6841.654770140427
6881.23967857052
6796.00215077513
6721.780358044489
6580.851983154817
6490.257417587475
6567.218631672619
6558.147372157335
6677.404828578573
6667.8828828827245
6701.638397056652
6781.378736535143
6801.280353189754
6872.271970410504
6907.701648696214
6818.631430190036
6859.078645809808
6832.927409524872
6829.438475098326
6822.6374935315935
6636.750960048571
6675.296965803497
6856.533065213007
6770.03997729739
6734.96841406327
6722.809468013728
6740.9655179681395
6671.955892144142
6637.104836202187
6671.481344373352
6619.800189056259
6608.732613992623
6592.8572612913595
6585.446648681024
6313.899367267379
6249.827095018158
6355.14489076167
6230.045435117885
6297.465544627892
6254.139321881678
6295.040064083048
6210.8015160810655
6182.307018468917
6298.8974727307
6276.597145116724
6228.061243863704
6336.015474980323
6370.729076682516
6253.261874056218
6339.408016151814
6300.147104742416
6418.896962688085
6281.42090515176
6257.164985722185
6217.972393230536
6118.2029595902095
6145.506718355562
6162.883038728978
6088.131973676435
6082.711852289787
6185.667599242017
6062.380778466907
5995.128560494864
5968.740772957957
6064.228209114976
6263.6670294784535
6208.744575920568
6155.181347003061
6024.823513480766
5992.329659729682
5985.162365704499
6257.369470982609
6104.15886729674
6182.169700764999
6165.250146476985
6140.959135696875
6041.127523018378
5998.792026647364
6123.953169916406
6163.332225009365
6124.987724052017
6060.423723976858
6029.998470557858
5752.283391783584
5672.934237604964
5546.062813203064
5460.700113191436
5423.359501728296
5436.411932414964
5223.962134115117
5331.054673338403
5244.042644244305
5297.050936551105
5360.345663803347
5417.5446721486705
5374.747682534848
5481.0220799675735
5676.209688310269
5629.911533234641
5587.863499484406
5595.488816915186
5628.8965421653875
5425.378362835232
5510.150191558979
5601.137021239455
5587.502112388805
5481.380129039153
5554.983517604069
5370.388238415376
5140.094791350047
5245.734214973861
5169.504895925477
5086.830682823172
5162.481298989754
5130.9278841742025
4971.3207371642375
4882.643069675748
4824.576775055711
4857.437498578396
4841.670537957937
4945.579353863454
5025.0844396800685
4926.496234378495
5091.676290885508
5142.780991867773
5046.165009341242
5059.016266359387
5083.71635077646
5116.722914066974
5180.171251664741
5208.412563290964
5237.851615888382
5160.040141033937
5138.784386944323
5111.298973770846
5030.399560051356
5069.569520204804
5099.600094527953
5099.033170194087
5154.428702347824
5037.114735506632
5017.569899833133
4949.59162408142
4859.24199263491
4902.437419263822
4863.945696067617
4927.586483065331
4953.301529414788
4856.122728862453
4875.849092003177
4932.891596117543
4842.260817775991
4947.790008781937
4864.969569036623
4904.07734117883
4823.1581510776505
4726.893862888967
4806.987037837614
4802.109297915376
4763.344880380427
4732.639260682986
4649.802468599083
4573.525869359463
4717.119162499281
4746.176498919525
4753.991563896733
4703.335451080146
4654.9980328237525
4727.292409953013
4661.515069591929
4668.322433278093
4566.829001008176
4586.34583950395
4582.017659500288
4554.844433636972
4434.035962613707
4321.990715373828
4328.733545911971
4417.542129943439
4522.067393698774
4556.515036036976
4550.951746231561
4519.188676107881
4630.242205122901
4719.3650019247925
4762.161703758648
4808.604525048034
4825.550357343745
4874.517753280562
4810.50813286918
4768.315590709445
4752.680074365476
4612.432923130895
4812.515304363761
4804.403738150467
4723.314641691178
4705.226635586209
4836.2897113152385
4982.249801278103
4975.127603351978
5031.955182717772
5094.28990194826
5028.251592796031
5036.3341010899785
5126.9583303662985
5000.083190920802
4993.578235554028
4976.446184557043
4912.080123201836
4660.384914392039
4504.490734167827
4564.452565177729
4566.282937909488
4596.8824291791725
4700.233962832136
4669.5502678155435
4748.462033234225
4617.777839349029
4573.917180868764
4638.279329918916
4686.286950608609
4874.538351637061
4813.735185637427
4717.7294241112695
4572.2733316643325
4602.120300049114
4584.8454187122
4660.307709925022
4533.426474842396
4535.984325061154
4562.212959705444
4530.2895905629875
4533.573404266429
4445.197877666699
4574.442094732038
4627.345072905643
4705.848505369596
4571.632166803186
4654.189259654869
4600.868573322098
4677.6274236725885
4691.687490306387
4702.87011633744
4677.394255517903
4639.566911836031
4568.006090364453
4414.308406598654
4395.432959831635
4562.4535185303075
4603.669778409297
4539.668024814206
4506.18948261655
4422.808960408723
4434.925706706458
4440.169202102766
4483.117313712309
4532.5385849616305
4595.407653679349
4687.995473331318
4737.388522725144
4520.5159135097065
4585.6812096881295
4519.628319471455
4520.924869771237
4498.345925388082
4510.752177709746
4489.037879820054
4465.896015010859
4526.898711437082
4477.708354848908
4475.816027405442
4427.067749798637
4458.223710144642
4386.235473543319
4365.516528212728
4367.175762490121
4422.572434836951
4385.185776168336
4436.817321536023
4436.252034721757
4375.440195061773
4374.417195733177
4321.759130509742
4350.481566027515
4383.282557984383
4371.962933894087
4351.477252455438
4532.031004022987
4510.812844960769
4566.387483746429
4569.479935943077
4546.93163996517
4377.132467283184
4280.8391478622425
4258.148391216879
4322.628922214667
4352.0913097114535
4379.909343017706
4423.713752079174
4215.958417149486
4235.435776689536
4226.246965081997
4196.109104255193
4330.87691065515
4529.718770772866
4663.369177024752
4807.236535804029
4828.531019036377
4748.2120918218325
4707.517036173591
4743.923871564622
4814.031054824774
4782.021140124602
4778.890041045343
4774.9049292082245
4576.860868237215
4515.555195663686
4527.867024746403
4483.7904349679275
4440.6316642994125
4412.788760495431
4586.347773975162
4657.447944902454
4615.094474514049
4778.791497801147
4714.926462280807
4742.444350057786
4774.135129776075
4773.586327381593
4688.739100057608
4587.535671141701
4545.519050797539
4638.926978970031
4500.373606805703
4450.066749294948
4562.703882916354
4507.26087443473
4579.7194514795165
4566.924938046069
4655.9043063012605
4617.650122862915
4708.004759161934
4778.367553292398
4678.555418027458
4714.535704248361
4735.79808632279
4656.606635808392
4635.170927333995
4559.06438369369
4511.5843109286225
4436.955713525454
4396.619033269998
4429.270850291984
4371.775524859632
4285.7011677046885
4437.861053247205
4324.543546306707
4277.744521704321
4234.342685269136
4133.246791507937
4146.276326057997
4150.48240330057
4259.938339667552
4273.135807247363
4258.427691852468
4316.621651366284
4386.324488171275
4357.738954235608
4459.326978485402
4544.466094673209
4667.585149320129
4701.686665676308
4688.884184917479
4697.959848561854
4641.996310531823
4678.32822703822
4676.573565948611
4574.486456879234
4707.078644912766
4630.581752718025
4603.133857300386
4563.846497279807
4444.770986577685
4388.930809873612
4364.286228498454
4533.669825292814
4597.063769693342
4554.80052534743
4576.078149787773
4584.295246371191
4423.793497321846
4359.531464269043
4322.710053091817
4356.424128568291
4391.299738466558
4409.728875881111
4340.489021366654
4174.118829287962
4024.2382485825406
4051.7957310988645
4001.5693429877488
4030.614860496318
4071.20467967819
4185.026739138233
4202.999010051842
4104.5812710788005
4087.3692844438574
4019.6156855692693
4101.463943709809
4114.603265402838
4246.750405487974
4299.378698867359
4353.624547452418
4367.409993998951
4280.611214643423
4261.177604400161
4225.548383532518
4365.378896867064
4451.263818781877
4507.961595304546
4569.098402577799
4620.752420626396
4681.253957811853
4681.811134645915
4672.6897111518165
4684.373991326401
4703.448369170491
4609.824898976931
4657.898432822057
4633.511777948724
4505.561470007825
4650.502402901028
4638.499318602604
4514.852901022094
4367.008879113393
4315.144490964536
4343.711477012351
4475.180774638273
4453.903892829735
4557.553207545032
4520.75940578232
4617.19328536159
4723.268984323148
4625.588914707102
4516.71405908033
4562.402432380501
4597.570459273237
4553.76693077738
4561.1791069915735
4516.453127368257
4653.511773415322
4737.2875301027025
4738.981607601052
4706.4456132477235
4759.777875616627
4689.0727934318775
4705.57931947813
4765.402753002008
4839.260951916326
4865.660080025881
4790.789959187306
4807.220117205057
4731.322151867707
4608.64468564173
4675.995235491516
4563.239210614074
4516.507569140877
4739.687355758879
4839.2588127110885
4731.46098067571
4713.627693283568
4753.2952889675535
4754.947854150399
4624.760342107868
4567.471758797484
4535.524478460618
4615.048016519356
4598.520798387485
4666.461428137957
4513.65711681263
4544.5254463011215
4632.294836967399
4602.058026642881
4589.02712061239
4717.400946185521
4716.604032333916
4831.931440077136
4841.988924087257
4684.40821756087
4777.170212645645
4718.216563828316
4701.040007885697
4668.925702072939
4729.715926140873
4763.634264287554
4754.74977226554
4679.245632922098
4699.000622800561
4683.410599375578
4697.965795340529
4751.689433821448
4706.252819015666
4672.886363699001
4649.591624891972
4589.447659207694
4499.812643844744
4450.496952723034
4458.161808892324
4480.233430036043
4505.7681042487
4483.290792628559
4528.098513444685
4544.124155363819
4471.10224454112
4423.655885005758
4348.515854594853
4365.8315070783165
4486.7720205553815
4476.829711695528
4444.044227847185
4428.554092422651
4370.021662085151
4330.699841020822
4343.16300609536
4296.5014535121345
4327.923791983248
4467.2974623169075
4625.236788466923
4606.996873180965
4463.592584211326
4517.0658216765005
4454.2799445548
4486.505984719974
4516.822132694491
4478.137519797636
4493.997286927447
4481.4403293524165
4440.749518862341
4471.915896479444
4488.111402912874
4492.045035677805
4537.89587885286
4450.004905100465
4520.575327377671
4457.168367798208
4428.04567660283
4455.053259702865
4431.954784236037
4503.323916234436
4548.308448307332
4404.838825637972
4390.712492062702
4502.560823809056
4474.543068697709
4503.331278947214
4514.445961986216
4492.39785651802
4559.05890592418
4686.223136948763
4752.318836104051
4796.70440876197
4860.315287976074
4815.978954086831
4652.0904498453265
4492.617901021322
4564.459998951718
4655.08088416661
4559.7287208208245
4700.64225515164
4712.575306987991
4666.88606817462
4503.810273234443
4348.309153325163
4388.580236155758
4569.5337052418445
4625.001591025967
4730.148788628163
4879.307176209705
4820.951004160603
4954.359201259431
4914.339914688159
4851.6108404213055
4740.925429407023
4842.842974708488
4918.965058636086
4879.707481596073
4899.918081738569
4900.347627787699
4842.625264168954
4668.675790565649
4653.880315226045
4596.3233629827455
4642.257760065918
4681.046368380575
4783.766231716195
4726.743735530835
4875.905986400933
4833.025497739656
4804.0641172534315
4826.943357620415
4874.708591617683
5002.500776580608
4986.96706095029
4886.810318744673
4855.095198262718
4791.888045848303
4749.150299034034
4932.95001603254
4779.992176773518
4878.027380452107
4706.795747375428
4728.510176497112
4704.892465161266
4735.263352093857
4710.283295651768
4940.5242321555115
4851.199120129826
4953.851655252863
5025.720841266772
4914.754650748455
4916.50573090239
4920.875721476139
4999.572144502784
5093.11032754779
5013.239682137179
4887.982397352777
4990.226478155238
4873.856359390668
4860.113037220138
4882.433459073017
4839.225782536319
4817.047686371888
4951.553123835071
4925.700590962837
4905.498835011198
4944.889208669401
5066.08898321918
5236.925943511354
5249.992074852381
5245.707889534719
5471.032377522981
5394.834432550416
5408.6651199266835
5347.309642073161
5234.655251819037
5193.083949991826
5144.998702420212
5038.142805069051
4987.421254735119
4826.204447331821
4792.844581496763
4942.00825624181
4791.748642168722
4924.313691520722
5016.092781346385
5159.750169268172
5135.210230591941
5230.684695736893
5323.509678273583
5299.238446025555
5240.501648099484
5141.798057949808
5285.2758099745515
5176.38824404346
5193.523016130635
5157.735780578317
5168.808661134871
5152.0071012642775
5147.617971942587
5118.291065329487
5101.477099012333
5421.766162151552
5501.7555535137135
5576.926648654408
5425.609162805321
5467.284443433943
5351.072353604081
5271.300604110266
5218.0211270445225
5080.444225490053
5062.003285909101
5135.649225046012
5249.475003109208
5029.820635791261
5090.7962633910065
5036.78106755333
5146.928538631844
5133.119906514826
5316.699870735151
5283.805509861361
5259.272505309102
5382.4231133208505
5340.142696410665
5198.10594030767
5021.188573779811
5036.555487407585
5057.308465853518
5200.381611297656
5159.798519573761
5189.02969655193
5145.051142923358
5400.829253574064
5439.056173878643
5367.718500265064
5478.560065415421
5517.754153472204
5720.915681513848
5553.87188916146
5526.83473751679
5379.124321928885
5277.454714126643
5173.70878430096
5210.769437275058
4997.314176566546
4998.429343947096
5006.297954419786
5000.019677975817
4943.374402523895
4848.863321979586
4921.837324125919
4838.098273267523
4873.959451525808
4932.31761577912
5094.8785548454025
5007.115355182877
5030.349326399025
4987.283544157151
5045.112104775902
5055.0089823530625
5190.2206810110965
5151.0186851859735
5217.75915480082
5293.256982339385
5340.958627998522
5326.091492302444
5154.961055392582
5211.625385494008
5256.900898843437
5314.679986086843
5245.63511268176
5232.463738239417
5098.300094056162
5067.988554092075
5034.189870331306
4974.769784249705
4996.374539719727
5159.961108340202
5236.998221444619
5084.264753096172
5061.8934017122765
5045.582040953036
5052.331517776226
5058.941028421367
5073.490996362876
5163.699747637782
5225.979791944065
5204.981668107091
5192.270733441476
5035.674041070692
5204.995412254422
5618.417388215486
5620.350231174903
5520.852622988595
5617.078371297902
5551.419700993086
5639.340243465661
5582.955769254672
5552.746703589563
5568.918256754718
5519.395213874913
5512.999646788839
5381.59728396679
5039.41760955109
5116.894040735022
5197.86820474596
5220.0985363957525
5333.262635846544
5161.450770181899
5200.536172468286
5138.496753628326
5350.254984375886
5356.000157234815
5334.3496286328755
5309.738390603058
5299.031898318284
5284.500610998355
5310.990227231193
5302.6188069733325
5301.324107562055
5494.74328079019
5456.502818182269
5440.170849983756
5228.846729086571
5239.9557900016625
5209.165670771528
5163.691672838597
5168.230821625047
5107.312484734903
5106.131971473785
5040.295795763056
4985.446225967452
4961.438407477089
5074.525064386556
5064.866388852714
5288.288045212223
5322.2325752241195
5273.75019697601
5261.763940821144
5294.050910261252
5272.330002983025
5123.0154736748145
5128.040394313397
5208.607140340073
5172.598415139843
5047.426436260483
5030.353645618059
4805.420549961707
4712.654565565651
4898.108675315211
5058.373186888664
5107.550504461379
5082.362123765403
5194.730368594104
5344.857685412736
5166.374940132858
5113.4085218299615
5058.585099481186
5108.261580830807
5104.455320498594
5138.344786494633
5032.188586310806
4940.549182906535
4910.677055963851
4877.985083737639
4843.858321176268
4773.04197335886
4928.328521087907
4934.7129352845905
5072.403831472203
5050.338468367089
5025.981044525366
4949.254225677083
4924.101260878816
4895.743329632164
4773.137828087462
4871.7456555759245
4964.34106791807
4898.317751124608
4855.571856343347
4838.679902925563
4807.349083853644
4813.420066338223
4907.124442789154
5012.561794611486
5169.828052275764
5233.52749088413
5202.399828310076
5137.654141287087
5054.435439390488
5011.810364128692
4931.414865692196
4998.050020524715
4990.50935840488
5088.212329382658
5108.333996163893
5086.899414227405
4936.541940429588
4896.121017205352
4998.597055717934
5020.653451325551
5051.966236876205
5054.119124150259
5168.405099719851
5104.664567411925
5168.456843028783
5005.506785701129
4891.860145009188
4850.616314200007
4854.5920251737725
4897.997119284196
4803.325276200494
4756.5420983398
4659.388808665399
4787.371048192937
4766.321681629146
4773.513464299521
4572.041246145892
4709.360373252491
4691.866519768187
4641.561515018174
4725.9374701952465
4567.536040502582
4653.385489861485
4706.225753372377
4655.8393758420025
4591.24146079382
4611.666069705445
4674.705484481358
4818.603964666006
4721.8684541396515
4811.761948075024
4897.246983822066
4809.915386993884
4822.646819184447
4823.50575980854
4754.4588652806115
4996.385058479655
4976.173922842146
5030.502897719622
4928.022461686022
4905.218649849619
5085.375087932806
5056.58273288626
5145.16294188885
5185.342369129243
5155.378942466536
5164.070288019084
5279.785408456287
5270.2316717917165
5257.3215460291785
5117.830847079456
5158.772215682445
5089.014189544618
4897.266546209582
4897.119706658384
4827.860241265776
4738.944923710071
4799.277071738697
4890.594330595357
4885.781569375274
4680.2240524708695
4660.051230773927
4573.7114542886275
4649.972707732361
4742.645066950594
4753.7962005036925
4701.337654308995
4727.209990875059
4757.377644555417
4762.535122037335
4668.140564511845
4555.261099719585
4624.108760111951
4703.925231677488
4777.486234053911
4650.475366012829
4566.879960182995
4650.576209493755
4719.085701875019
4737.226816285899
4738.712899055147
4684.458245000261
4756.815783450473
4907.725647868318
4895.468405174858
4821.2327633710875
4881.263414720525
4915.780994602707
5047.034715308137
4987.608932164786
4955.670879917529
4828.4717455952805
4837.388705345654
4804.639561098886
4642.921041620965
4482.561685285092
4439.104893014166
4521.1505939180815
4571.200157781756
4558.279761940675
4455.535357591655
4431.564863554773
4458.913181771136
4558.943893399003
4510.405446016754
4493.356135502923
4731.184213537525
4859.936188741841
4870.474694114502
4785.051704475461
4721.4764850875235
4729.660155000924
4793.001099719253
4743.684058875519
4664.203409734928
4599.057030994132
4801.667027495277
4811.019631837716
4670.850588939157
4616.00639048591
4597.203297267414
4586.822020898161
4619.345809551146
4619.865173494986
4637.767660382188
4759.965221558462
4836.145371373775
4853.855002234212
4727.073787161381
4887.955566667705
4830.598694935562
4937.958091108033
5084.628331452637
5109.515313860313
5073.593569478827
5082.775088436491
4906.014706257575
4775.421817749247
4718.554114450824
4770.743694736207
4745.206188805743
4722.935792227276
4824.754545330564
4652.291338300054
4486.124638119193
4452.247066613348
4389.790622262506
4357.785639383335
4352.131791844337
4404.663193539139
4493.818375943197
4507.990766812685
4476.844193083035
4476.105048774652
4368.193220918364
4349.087209944352
4410.27496928987
4493.105406325111
4549.915231811768
4587.341748478661
4671.418084914681
4653.184453441191
4551.177248345114
4475.518580633911
4517.452774568343
4460.799058197958
4572.1165958489355
4605.912016737579
4580.9136161592405
4524.008957910899
4538.569949897687
4535.872363501862
4607.004337622642
4701.375864529787
4727.7934780439955
4792.326881513459
4755.965232979618
4649.122270433382
4620.930617320596
4658.656469187098
4706.180040078398
4649.45775818184
4572.3957189752755
4582.255165296635
4589.506830296811
4541.978151168404
4488.757489668578
4315.399942725534
4339.809051935582
4394.213055275905
4354.168918842406
4366.504182078314
4354.007385855062
4350.257399572188
4567.971336900084
4543.448639703723
4402.164057040402
4380.266377364195
4440.729220839722
4654.588845606573
4757.10098006221
4820.3753543479315
4830.228314753279
4794.545444482476
4823.213199877741
4937.911892255595
4798.749721551939
4847.2683703641005
4899.4941608326035
4987.772441676526
5013.85392132972
4933.472443607894
4778.438014913338
4669.984255270963
4600.285993753089
4583.758557272801
4562.357741220145
4453.295521634852
4431.5929540666775
4450.498595411324
4547.26850889252
4514.579870325653
4589.987675545489
4610.172710555825
4734.799945640513
4975.256735074688
5056.533081762225
5081.6121725109215
5211.191488890582
5291.065031737863
5282.008714492783
5135.328263205117
5009.559960102248
5027.4130316348255
4962.314401566837
4975.750500363713
4883.308450280515
4846.655225323102
4927.858532067239
4993.12108500506
4914.410279716302
4877.230948278178
4841.135837332785
5012.738791936548
5137.797035505744
5015.261923668605
5010.459709846165
4994.807322180279
5003.998272133671
4832.654517982714
4747.628304097377
4728.226396399684
4760.2688556428975
4809.934432312665
4903.443889347195
4847.274636466848
4831.003777253069
4936.114698905423
5065.770564059756
5163.703277292667
5217.962739100383
5339.828670766834
5440.969605927032
5372.833744253841
5265.8603748025
5264.638261901219
5334.899853754953
5263.751885619641
5161.502388663127
5165.077876903567
5029.120537175267
4942.863554541183
4943.47113630676
4910.062126918384
4894.313025013298
4881.597195350123
5031.34137853906
5082.215992049197
4940.798811181398
5071.014213524383
5118.185851650201
5073.606445059596
5185.597578435162
5183.569040133852
5202.954644278973
5191.00249396002
5093.72934990597
5173.5541109118685
5199.91402423932
5117.658836723463
5137.222782059289
5101.76995038584
5089.882709239863
5103.007765142286
4975.774924897334
4892.725842775622
4835.589586129385
4873.178989686249
4908.127028981492
4828.435524036017
4724.901036521534
4622.749164195912
4583.787051201368
4452.240628675033
4479.444916480014
4379.309928185089
4354.107767184905
4444.423611389119
4411.283077104914
4327.163209142458
4270.721727138967
4299.669777797459
4248.705557334421
4279.06553071134
4310.928785660232
4400.176948766512
4372.457795460496
4497.230102898295
4491.339562575541
4525.587664525948
4543.578253698893
4561.76781404292
4524.069304229322
4521.196790133022
4478.5869521277245
4817.838680282123
4784.794556986036
4831.885678758622
4977.987223909302
4985.364008702092
5030.014272126909
5030.567581866878
4978.849988188839
4990.463724436172
5127.657683214583
5098.677922072598
5171.042451213833
4923.639732872866
5032.729319032507
4958.019421279177
4793.0353862166685
4697.538331047232
4763.102754122443
4667.135805250386
4705.614130632527
4835.254931213883
4823.641114455068
4742.81283604101
4705.918758540082
4662.386025670684
4626.69848248047
4729.358725839226
4838.9327254487835
4866.641374537326
4702.526852604392
4625.485823497739
4722.986498385995
4500.510749882884
4444.264214043781
4529.441412426255
4577.739162001974
4597.967695361103
4563.839819717679
4445.340624227164
4349.110255334525
4303.400142709723
4323.82226021123
4372.819154120944
4392.0440650537175
4432.349346764732
4433.739181154706
4632.950427023487
4681.946604440655
4655.325236259635
4613.962493391075
4691.347049318884
4727.139725852391
4714.098566448305
4892.804292753971
4959.7017473453325
4875.826492707285
4966.361027579277
4910.8018343866415
4717.112001670759
4581.238608842455
4537.363842309812
4574.177435521494
4481.641718109301
4387.567176020556
4479.934863142264
4316.6206194663055
4261.363077920811
4221.091533346951
4230.2517995619355
4259.561997835977
4438.893419373353
4392.34428901352
4363.498905910214
4436.875696781638
4455.582752737201
4439.693784520863
4322.154440550347
4353.97633742673
4320.908242987781
4343.024283784843
4348.517202335137
4345.944173439648
4178.921456208164
4296.582853207273
4415.16285440808
4375.746330594333
4445.093995655591
4569.096755791692
4700.586467552299
4764.909675007714
4791.351989397175
4775.2083930777735
4765.765854455145
4747.595609372416
4844.032236171639
4772.889976764666
4812.006973406052
4792.050422558561
4709.208593094743
4653.999801531445
4784.5516399177695
4738.398770759098
4691.440631008049
4665.656943577658
4592.6935699385185
4597.8596471496485
4425.449963439207
4512.6842100677595
4450.416052680319
4396.199632295505
4512.8714211129445
4502.531353622552
4335.562883040467
4260.999878160378
4268.067203120642
4303.8263248486755
4394.415237701188
4426.716355115062
4447.802306766773
4507.846865706165
4459.157939170179
4568.281478852102
4506.024436431789
4542.647557762771
4484.92872730138
4497.633557924223
4661.436041551683
4675.440509617859
4628.850082357093
4588.3563867444
4592.832168038564
4496.01508184831
4566.023802166584
4612.929479344483
4636.364413870267
4627.541237176679
4868.357887401035
4908.089444146944
4827.5540204251665
4917.210198833517
4933.131005830591
4934.4001349885975
5068.570522646982
5175.769210106486
5124.525242457162
5067.801431911115
4942.4680607031505
4941.010592899719
4806.051343840124
4797.199436504208
4714.591254984481
4738.876663353926
4724.077754423169
4674.472314695986
4715.900388219191
4587.478615559009
4609.720288640292
4570.578027185344
4599.83687048756
4542.480775126911
4609.073720182332
4650.440524324536
4712.963799280915
4498.179113776628
4369.524761405713
4423.108350994068
4307.707777083117
4338.593053070145
4300.161602426591
4292.659371069212
4448.551201317398
4460.509326104015
4356.810931169311
4361.396138306928
4345.468248361079
4384.917455168529
4510.793746400824
4542.527288034406
4574.2012315422235
4475.711312758994
4530.21123681472
4601.988979884417
4423.9348741409185
4420.5826007394935
4501.584623307206
4576.4505563993525
4646.2289019861755
4563.716899871069
4477.307246597281
4511.62274439964
4504.527556576731
4560.975500681382
4474.432867230642
4392.908810876296
4430.0625135220425
4547.7070379019415
4634.572402085853
4476.68565654526
4338.883655439322
4424.947701883801
4598.323682843072
4602.8881563155655
4553.049780580441
4655.119127002164
4705.469003691461
4715.5610902077715
4828.049884700341
4945.608731487336
4768.44207329023
4875.058057858873
4998.071870062205
4995.026187553073
4843.543776535961
4872.614525768244
4907.462315107423
4936.174917278813
4925.470865887871
4931.277649204901
4862.98279184558
4673.152489121646
4688.413327505304
4587.529216030146
4497.668507959408
4474.914490062733
4605.414085849928
4475.546607463571
4441.714774058733
4277.430984714395
4280.656411862641
4230.286446464367
4233.949480017988
4246.702336696349
4292.313683308414
4387.105984688884
4600.384871835949
4847.57474121487
4930.6537011783785
4960.360939757898
4909.493216999347
5017.6381424776655
5046.577818762858
5200.701736426109
5187.098504255432
5155.515950566131
5043.391972766279
4983.708973513902
4780.3924618299325
4603.452498461802
4398.001163059961
4328.73774474095
4458.037258460287
4498.3696614928895
4503.398066625505
4339.201934334043
4402.4467581540985
4416.36902474047
4485.395601994629
4454.661006708
4480.420102355073
4409.994604304075
4524.740579382434
4679.28646545751
4664.344435256804
4542.286076275182
4733.067443737548
4715.192132263007
4714.954076296202
4667.038454781404
4536.903033777701
4585.627519333306
4672.269081058821
4723.067529330044
4724.438560177161
4686.856334600792
4770.874340856373
4833.5012842245715
4601.221030856839
4638.551958276575
4553.479945499042
4547.247839754335
4654.032514403057
4726.424064443088
4584.965294937995
4566.855895376054
4467.09999119253
4432.963246079516
4419.726291721742
4496.75179196068
4548.200141724642
4544.3749601301115
4491.974332481951
4572.691748518509
4545.8547451865525
4447.120748247564
4432.921611000246
4396.615662369923
4391.661183303938
4328.2032899217
4189.0906674026255
4093.0902807584857
4034.356185087791
4187.10271322834
4255.279520675728
4283.6723223212675
4305.285027497296
4312.385112825984
4408.698859943494
4614.217655924662
4555.1694067613125
4560.121291487788
4532.243288183076
4506.505496273788
4521.263202972951
4463.543886711103
4539.414645345443
4553.018342625698
4572.530744852437
4641.1189750437825
4633.9471196083405
4471.70885275985
4625.108613819642
4724.639880090944
4764.621462234928
4794.581750833372
4751.793837902041
4774.374189388736
4687.091182903277
4691.6221571498
4629.982452701247
4611.127240518846
4605.71161919537
4622.482253086565
4649.831001080444
4705.693991478704
4759.424329516508
4762.413150724031
4880.198003016973
4695.790720698872
4696.2851634855215
4612.940646176374
4625.926205920804
4697.476756014265
4845.392762429792
4870.628277889849
4798.448276997732
4638.898395132156
4508.17860867059
4442.36077770278
4310.830110466301
4405.215239979145
4376.17408621557
4409.900093309717
4505.6526419444435
4536.55343780336
4390.953390226939
4349.691344841435
4305.223946809886
4361.010005694669
4417.128920855318
4513.462767173746
4543.730001897241
4515.444537842605
4459.313246894316
4465.619129123647
4444.674239697925
4252.524669704483
4281.038609056739
4265.512715875576
4254.80276061771
4239.46236889162
4357.668608000249
4313.098032471622
4413.210111381305
4410.307964182426
4520.039267864116
4529.096922946835
4568.358721570999
4740.665442977282
4720.749362318048
4772.039021339778
4940.1902185009385
4909.449416170483
4780.517263609328
4740.218127412804
4658.928591720062
4775.318155693839
4859.4012259989095
4757.374705316756
4652.723979918142
4503.455416188324
4530.939691337641
4507.480352893756
4363.3235568295095
4376.671117203873
4503.171531456411
4485.7613127154855
4473.186435308129
4413.2846899889
4372.649277230187
4365.9597430504955
4311.049547254696
4504.48097044681
4491.018300634393
4496.155499243357
4532.51593709558
4454.49475475894
4315.961931589492
4325.506263838609
4404.059199696224
4403.792608126932
4388.101611372392
4560.518316055121
4701.417192414869
4665.4285157702825
4837.13747986106
4889.362116887332
4822.8041908623745
5085.924218287984
5212.032965359548
5374.338399721205
5258.646228264875
5262.622824417748
5213.596483607658
5118.695991162554
5028.5236040532445
4870.267081404251
4754.829497550895
4744.6787264988625
4842.570469515335
4722.320787082434
4570.191656405388
4376.626357827901
4466.456779973957
4507.018708325434
4485.354300022477
4426.950270206261
4383.825543707852
4452.1004607859695
4405.851583941922
4367.329938401276
4374.91015783992
4437.0676666844765
4555.458428046104
4595.342917320377
4592.790538201333
4474.439380106859
4548.141356951866
4614.3639554224765
4613.626531148467
4642.41053294509
4612.277352021233
4695.012385636985
4600.065728416249
4620.449205465139
4671.824477977981
4756.661445192454
4808.157080225458
4888.471898142139
4917.486107099042
4941.993588155522
4978.402761320335
4967.328305553764
4892.230572195237
4879.381676998913
4908.585719845082
4826.492873172912
4646.19021562826
4591.2747692473795
4464.068533525863
4430.7741797502495
4353.3494855619565
4334.486951551738
4454.047929020328
4422.02081651251
4432.399289433608
4345.3206468772805
4330.976943759994
4309.705478738177
4443.560322862943
4474.331002672098
4532.447619151387
4562.81390368825
4605.745344595559
4624.00454484859
4546.13941918975
4474.477602611473
4597.360154670222
4692.369614859178
4724.949564641585
4644.683911007259
4765.802231202773
4648.859769545895
4543.600428015542
4604.060028784864
4510.955236933722
4537.797683799168
4542.319899457571
4585.959875652149
4518.034403079611
4549.431746348956
4547.179702239445
4614.453215528419
4573.325646277714
4599.600813981998
4750.814833694367
4658.333308171595
4707.390376726188
4633.19813904908
4549.491263993455
4527.017941460071
4502.730583996316
4354.349551981003
4280.240269667113
4369.9520552915565
4230.306536125811
4447.957117331422
4445.481946875083
4571.223596004576
4611.613846992875
4622.668863394153
4737.068875122243
4730.916554111688
4807.647069864918
4838.675490388988
4961.295335335958
4800.607641754338
4797.7008396954225
4664.983445051719
4630.275598485027
4552.937374176759
4557.564581711151
4649.595333804631
4712.307652896975
4796.870437599892
4792.544924908458
4792.874396102194
4722.90899467408
4776.166468556696
4744.249017297816
4754.898187839575
4991.463379379811
4992.383243545576
4994.109166017785
4925.104778439544
4917.083542383017
4942.375496978634
4908.499536882891
4848.435527202511
4854.518024760794
4896.552343383442
5098.610106977213
5090.930079490251
4862.415667418506
4738.4942973663865
4654.412462790739
4649.124466937432
4579.693589349706
4585.41595945102
4612.819875857419
4717.556316945347
4660.697708650469
4763.965761804157
4631.426854303457
4645.095021404465
4649.895967116984
4684.793605687945
4758.128595163084
4714.219207277192
4693.7662535200425
4583.6957650583145
4580.146323833268
4548.001880438046
4641.722269431531
4607.81634805005
4590.437510661859
4501.274598975974
4415.692161946642
4380.928126169097
4331.257055537065
4482.462048812727
4506.194988490258
4538.262647820187
4466.025754546282
4506.885937813907
4533.275776123949
4472.670741924299
4669.253074775236
4697.679382600973
4753.227527474085
4829.159654204059
4807.447186637562
4678.569049338698
4630.099535465991
4621.993906686771
4665.891447221303
4748.38056131298
4691.849343007096
4684.510929796969
4412.3143375115005
4464.450510419062
4466.769243754745
4468.39931625128
4459.114830931775
4470.073164042816
4428.374492750198
4389.6863137202445
4381.711382281824
4309.167783987804
4442.985890091197
4458.160715824536
4672.100446338382
4575.308438245226
4532.700711910096
4500.242973607906
4574.796027483649
4588.103252535027
4617.19469018807
4600.978017029393
4587.487478320628
4530.569685733754
4395.276966811112
4337.343305248242
4153.857069091258
4193.062060970226
4127.420279108037
4145.777222552469
4128.58684723104
4234.086393551435
4277.375855039349
4323.340741176912
4302.834399389578
4292.571378549558
4271.455049595174
4307.639053987338
4273.163682257654
4273.6038224326
4415.527535177554
4495.955793162415
4526.7419517770295
4410.2912678485345
4421.028159981785
4423.77201557903
4514.401633711443
4591.130056031862
4588.6897703807945
4465.445850335849
4558.402122764875
4642.617464547232
4545.149950843906
4361.065997727643
4246.826854438606
4195.244677203081
4182.088016280738
4199.609829933979
4163.106441583054
4092.919239378234
4090.1522879512922
4152.292091190387
4035.586782336994
3909.659191149327
4075.1276563918595
4248.2602140464105
4241.0885636104085
4344.30233726266
4312.317130236465
4267.308782752531
4228.204867441943
4291.01002946768
4258.221780765995
4394.2330242893395
4495.550627439622
4511.380783369627
4378.576602292465
4442.07463503489
4529.433666277986
4420.4279512923595
4519.993070441774
4529.186652100371
4532.385414891306
4469.74808377506
4534.214693259799
4433.060263703735
4473.777007393052
4504.854770017184
4597.525812393873
4487.86074583984
4515.786262456683
4700.967935512984
4686.913633801925
4655.713752211477
4645.3262976393535
4665.562079642577
4597.327750025843
4530.357195750778
4454.758421488397
4549.716918827297
4569.067989213695
4523.416262281792
4461.6044236755115
4353.41972775441
4301.020967316977
4321.007349179453
4343.078253094282
4315.665942238477
4368.4981140438495
4464.805576150479
4508.529227094357
4485.186340076982
4426.126467970869
4541.794862334809
4709.115790670568
4657.663309884591
4695.501052491005
4861.047194946136
4899.873326681286
4938.567296570022
4889.772062669107
4846.02932041322
4893.554942876367
4889.033875873605
4910.837303920424
4960.145062265306
4859.813908066393
4940.379403064769
4947.445437842599
4857.549827554833
4844.033683836566
4778.621339798069
4892.964425568068
4894.158773428493
4866.496966588522
4910.639942615512
4881.035547551774
4847.449524918247
4776.483895476318
4701.876630340405
4677.709507299184
4716.020063421583
4725.479745374575
4794.409853625112
4769.969182278815
4810.657339468136
4818.326386802031
4821.5664517355835
4817.735839122009
4747.828982168215
4892.391740902552
4863.940018712035
4907.2006382210175
4830.999127091931
4803.050590936351
4885.226766088927
4859.406298564284
4845.21329274649
4716.3895726235905
4649.256471551624
4620.458771138289
4617.132288785203
4532.990979074971
4513.178727618742
4370.2945425538865
4380.437529453205
4392.86890374236
4275.271546491882
4321.59718485077
4308.971841800032
4485.196121545504
4495.771792012102
4560.314203141304
4608.303907823991
4601.580998361535
4618.153156254675
4724.188914706163
4766.655530206622
4735.765563532713
4720.439465353775
4745.848567018925
4785.238293481368
4697.178748864866
4602.794172042619
4529.889235807419
4461.611695821239
4422.898325685973
4516.836036259236
4479.983301485375
4491.536924573406
4483.497201453026
4614.331881938584
4502.030840726471
4483.031878418452
4505.518206041673
4658.110304900653
4697.078442061711
4694.243830994818
4803.750918947921
4833.347535582686
4798.681025560433
4820.9542125750595
4874.608004961713
4856.315126195255
4956.641394992529
4967.320186558735
4970.711458539449
4830.264561794008
4776.619866620284
4935.8758032693595
4820.374110252657
4811.116546941136
4829.49804801438
4717.079501157296
4712.202148422731
4737.437553899951
4671.202940265333
4804.460909637329
4710.072793242561
4810.098674599105
4894.878924882125
4774.340966619432
4894.288626197734
4854.824129002204
4908.225901713488
4969.977045387896
5009.191784201678
4807.68345980769
4863.250038672886
4797.140453272456
5007.89091484843
4968.6356613371045
5057.16271658329
5022.899550983643
4903.874879603186
5016.7303535183955
5026.518330759993
4966.63883122498
4904.5495791463545
5046.365752459915
4961.406417467231
4822.725602658554
4683.488952843787
4633.120375992166
4555.344108253011
4553.291848101886
4527.220106515147
4316.029795447255
4199.551952291756
4240.9204995790915
4301.934600618482
4188.909866397134
4268.866142710893
4389.6194211932825
4379.7080692730815
4504.26181291213
4508.967064243748
4558.428023474953
4648.541978180909
4755.237408799388
4779.44872311005
4706.54756656084
4671.6786876414035
4744.813953915306
4698.603500999218
4569.936539971302
4543.63307312723
4385.946455661807
4413.505773224625
4353.6246050849395
4378.247332422888
4417.957479563262
4439.445930102113
4486.596159421519
4551.2987187014805
4545.632587609724
4559.804276384138
4629.0578844999245
4723.205884016364
4999.960641790588
4939.493953981112
4965.022577808882
4917.9352188724615
4909.580349800546
4943.169427691366
4984.341452323423
4876.46431502757
4893.557360363382
4807.276995578463
4725.147047239526
4630.505876051444
4425.353099165179
4357.712559737511
4373.260300268125
4333.038900712545
4306.888530169114
4337.279883547001
4262.933155816486
4321.434548314013
4310.153925228442
4340.954881227584
4428.762658969582
4469.845543999236
4503.628488130591
4575.862092271435
4525.231000748723
4669.3147348904295
4677.638975121165
4588.41494051787
4685.128963280597
4675.719746195897
4639.462527151902
4678.35104697491
4694.643253727039
4692.322284604429
4669.4710914176985
4641.889160435277
4614.0107006850985
4584.033501967625
4509.340445231656
4529.993713262421
4483.717477722723
4418.362134284514
4497.384842720353
4477.077702239042
4459.016349247252
4403.753546484559
4306.19714963127
4371.628890306915
4420.867525844994
4326.417217978716
4355.046494690702
4349.373081016262
4309.4447668310295
4269.470704535084
4305.890372362951
4353.318945445432
4293.66045802533
4346.956811802187
4413.110710243418
4304.101713872941
4347.4977148275
4341.472588600934
4275.656044574235
4282.5620096293915
4254.371267085912
4462.598936000074
4316.227947609911
4467.130504279426
4583.844491691223
4617.537458888266
4614.060198131888
4632.435076823607
4560.393241591034
4515.595682444126
4558.475619674533
4696.518697646131
4756.037399625516
4564.8697648195575
4768.66039355753
4522.024925003539
4472.569718553287
4503.337256607191
4566.469983051206
4535.334147634359
4536.978845285692
4572.6272996492735
4515.901183584213
4380.096044208251
4402.353401677798
4417.662197871784
4264.7622944747645
4291.355589930102
4267.002772541365
4191.529286539538
4116.614747254852
4126.513161035148
4180.057812391425
4287.352801628182
4427.452165601484
4448.681050186353
4380.219004929723
4460.229917885757
4501.523661749944
4511.456696748459
4551.430599018958
4540.876487260491
4516.423297031602
4627.453077285623
4654.204690037999
4664.431994695048
4623.7713228644625
4551.413407267316
4689.17211200632
4591.941861758167
4527.722434843198
4638.921061575485
4730.442786160846
4759.360357720862
4866.077797628693
4720.221497630225
4751.383925027753
4768.570651693871
4789.415837570055
4966.407005130364
4867.872411257075
4918.672948809119
4885.756252105861
4696.092676487092
4548.984506004452
4555.985655878009
4512.977935428255
4598.116317108186
4529.597474112627
4397.64682879473
4346.596708323923
4434.222398471688
4488.092801434213
4534.863830174716
4633.976808270226
4745.439401991512
4844.961279242247
4859.486483617861
4910.197705854421
5035.56330330129
5052.810187397969
5013.77904744754
4966.406766035144
4738.501458171002
4606.05347844621
4622.481604353033
4545.279821575882
4490.44847674376
4340.958788581968
4380.317169908492
4505.24731395835
4370.149594528912
4427.706073649549
4528.674198209048
4508.463762612934
4579.816105045927
4633.605618141369
4620.341970269464
4691.722050543433
4723.299984338372
4789.841493366171
4715.411879557202
4629.012264256179
4654.509347530339
4588.549961608999
4599.216827788787
4695.716671264482
4715.046585412861
4677.992160842911
4645.5013959839935
4611.60876688
4699.5567335287415
4803.7162506560335
4798.145014909812
4830.015210190461
4960.617588581444
4884.8177219755225
4850.0364048597985
4872.89937501166
4953.598549668915
5093.186575253479
5103.541057953675
5201.944235896705
5169.713113888035
5077.551498606465
5054.100995786645
4931.427397117979
4839.733046123331
4898.438864174484
4874.930505690904
4768.757073812658
4672.538474004323
4587.408837864899
4644.345918997705
4605.652376091092
4588.875575592593
4619.651616578566
4732.399440747411
4745.250344759782
4671.341856843445
4742.173627308292
4779.801992892933
5006.406129221573
4952.438317125634
5020.286204325579
5053.050083256523
4968.886939003117
4991.733777279547
4911.5130804724495
4806.130781256753
4792.795087958009
4811.722304233056
4909.025425403232
4886.8418667001615
4765.499633600361
4909.990129729468
4937.575010332455
4822.4383870956335
4913.591017338534
4884.1122617270785
4964.468679047381
4931.208426059856
4918.020551484443
4950.945171339862
4788.188200985177
4818.252807986303
4770.80957372564
4744.919953547534
4708.449635634407
4793.88152585545
4811.313445964856
4798.63916652569
4836.452309185889
4921.120436474045
4924.196734467924
4905.428898336061
5063.539342919268
5100.440799397684
5094.013132426366
5062.152648742306
5010.6428862618695
4924.95767255699
4841.055792956296
4891.380384675522
4914.929569159786
4860.96279736521
4802.130828194913
4907.226014231913
4723.475075029372
4741.13768692288
4760.219284069636
4776.01558133679
4859.816910606879
4884.571068787984
4862.25981784604
4705.624063327238
4560.112184945762
4572.737592143431
4613.4263731639085
4552.756312890372
4621.289123206531
4597.717711651254
4599.923994523598
4448.465797000181
4424.485641650405
4452.261362407561
4506.04453270218
4627.252490693555
4669.370593243181
4708.336209234306
4821.05699011914
4821.134681548862
4743.888922318061
4652.418027704757
4596.065745656992
4605.306502957321
4538.388644430143
4623.836355020423
4646.605235258993
4641.7580535381885
4629.101041545272
4562.619096082047
4564.394469737827
4472.209555328183
4570.332943745668
4632.258801494934
4748.257739878325
4800.632226682446
4763.923261646492
4696.549961390822
4646.347911561807
4660.604425841867
4733.193910990955
4834.155953278238
4763.539944460311
4836.663073021339
4797.506441777192
4833.185459754965
4669.357858693515
4704.200875568017
4703.436422024574
4708.343050268327
4723.591740360675
4622.114454011091
4517.768378260944
4477.896191085688
4472.953908688959
4567.9195888390195
4558.329963006691
4559.209802466693
4654.001800737083
4586.335112748159
4724.300249440471
4679.136583212176
4651.501217505777
4720.74909285224
4652.9963698750935
4589.4968704971525
4561.618135425656
4524.978874285957
4511.841950892631
4440.889802346871
4471.493023946199
4473.1973182425545
4382.614670646264
4372.538819606391
4575.685661807576
4638.918570333985
4745.255896266924
